342C	313.05
3431	25.01
348B	480.05
349A	602.04
34B0	118.05
34B7	184.06
34B8	574.03
34BC	328.07
34DE	41.03
34F2	411.07
350D	6.13
353E	55.07
355E	465.04
3563	626.11
35A8	319.07
3605	179.01
36DB	25.04 444.05
3775	2.08
3790	112.01
382F	219.07
3836	128.04
3851	51.07
386D	36.12
38AC	213.06
3912	395.07
3935	587.07
3941	505.03
3943	336.02
394F	524.11
396F	631.02
3A09	343.08
3A2E	533.09
3A3C	304.06
3A44	433.10
3A79	518.06
3AAF	113.05
3AC3	626.12
3B0B	157.07
3B0E	179.06
3B68	620.03
3BF6	564.02
3C0B	412.11 416.08
3C7F	253.07
3D11	472.07
3D18	332.03
3D52	133.11
3DC9	657.05
3F63	648.06
3F79	129.06
3FDF	49.11
4007	260.01
401C	197.05
4039	57.01
40AB	149.09
410D	6.06
412F	60.10
418B	86.01
4207	20.05
429C	573.04
4325	632.05
4343	617.03
43D5	227.06
451B	83.04
458F	98.09
461A	556.06
463A	13.01
4645	616.06
4674	177.09
46ED	154.01
46FC	209.03
470A	547.05
470C	321.01
4736	44.06
474B	564.03
4837	517.09
48E9	108.03
4940	26.02
495E	50.07
4977	6.13
49F9	632.06
4A18	181.04
4A8A	323.08
4B0D	197.06
4B12	473.02
4B7E	530.09 532.11
4BCC	245.04
4C17	84.02
4D51..4D52	361.01
4D72	51.09
4D97	255.03
4E00	216.01 217.06 218.01 220.06
4E01	525.04
4E02	52.09
4E03	37.08 38.10
4E07	593.03
4E08	16.03
4E09	427.04 428.05 429.01 429.04
4E0A	437.06 438.01
4E0B	164.14 165.01
4E0D	421.07 421.10 422.01 423.06 424.01
4E10	236.05
4E11	92.10
4E14	57.08
4E15	393.04 403.03
4E16	454.02
4E18	86.05 349.09
4E19	414.05
4E1C	578.03
4E1E	30.02
4E21	301.05
4E22	529.01
4E24	301.05
4E26	415.01
4E28	275.03
4E29	84.04
4E2A	251.08
4E2B	612.02
4E2D	108.06 109.11
4E30	137.06
4E32	103.02
4E36	94.08
4E38	592.03
4E39	492.05
4E3B	94.01 94.09 95.01
4E3F	408.03
4E42	224.02
4E43	354.01
4E45	84.09
4E47	533.06
4E48	616.07
4E49	221.13
4E4B	66.06
4E4D	7.07
4E4E	197.07
4E4F	127.01
4E54	52.03
4E56	265.01
4E58	30.04 30.10
4E59	217.03 222.07
4E5C	340.11 362.03
4E5D	84.07
4E5E	40.04
4E5F	620.05
4E69	32.15
4E71	287.03 321.08
4E73	232.03
4E7E	64.08 237.06
4E81	237.06
4E82	287.03 321.08
4E85	121.12
4E86	291.11 303.13 304.01
4E88	643.03
4E8A..4E8B	454.01
4E8C	125.06
4E8E	643.06
4E91	656.02
4E92	199.12
4E94	607.09 608.01
4E95	80.03
4E97	477.01
4E98	192.01
4E99	248.10
4E9B	173.04 175.03 193.11
4E9E	612.07
4E9F	33.06
4EA0	536.01
4EA1	594.04 607.03
4EA2	243.05 242.07
4EA4	47.08
4EA5	147.03
4EA6	223.04
4EA8	168.09
4EAC	79.03
4EAD	528.06
4EAE	302.04
4EB6	493.04
4EBA	226.01
4EBE	594.04 607.03
4EC0	450.07
4EC1	226.02
4EC3	525.05
4EC4	10.03 22.14 549.01
4EC6	144.02 425.05
4EC7	87.02 92.01
4ECA	74.02
4ECB	56.04
4ECD	228.07
4ECE	565.05 566.01
4ED4	584.11
4ED5	455.04
4ED6	487.03 531.08
4ED7	16.04
4ED8	143.08
4ED9	177.04
4EDD	580.01
4EDE	227.08
4EDF	63.02
4EE3	489.03
4EE4	313.01
4EE5	219.07
4EF0	615.05
4EF2	110.01
4EF6	61.02
4EF7	56.05
4EFB	227.01 228.03
4EFD	136.02
4EFF	131.08
4F01	41.08
4F08	183.02
4F09	243.06
4F0A	217.04
4F0D	608.02
4F0F	141.03
4F10	126.03
4F11	187.03
4F19	214.03
4F2F	377.02 417.11
4F30	258.03
4F31	360.04
4F34	381.02
4F36	311.02
4F37	91.03
4F38	443.05
4F3A	482.11 589.02
4F3C	482.04
4F3D	42.07 57.06
4F43	522.08
4F46	493.06
4F47	96.10
4F48	424.03
4F4B	440.10
4F4D	599.04
4F4E	509.08
4F4F	95.06
4F50	552.04
4F51	639.11
4F53	514.03
4F54	12.04
4F55	155.05
4F57	532.04
4F59	643.03
4F5A	224.05
4F5B	139.03
4F5C	551.07 552.02 553.02
4F5E	365.09
4F5F	582.06
4F60	360.04
4F69	394.04
4F6C	290.02
4F6F	614.02
4F73	42.11
4F75	415.02
4F7B	516.04 516.07
4F7F	452.07 453.01
4F83	240.09
4F85	235.05
4F86	284.11 285.01
4F88	72.01
4F8B	299.01
4F8D	456.07
4F91	639.07
4F96	321.12 322.01
4F9A	196.12
4F9B	277.04 279.02
4F9D	216.03
4FAE	609.08
4FAF	157.05
4FB5	77.02
4FB6	324.10
4FBF	409.02 411.03
4FC2	163.03
4FC3	558.05
4FC4	370.02
4FC5	86.09
4FCA	123.06 562.07
4FCE	557.02
4FCF	53.01
4FD0	297.05
4FD1	641.11
4FD3	80.09
4FD7	190.10 474.03
4FD8	141.08
4FDA	295.11
4FDD	386.06 387.01
4FDE	644.02
4FDF	483.04
4FE0	164.07
4FE1	183.03
4FEE	186.09 187.01
4FEF	142.05
4FF6	465.02
4FF8	139.01
4FFA	3.04
4FFB	392.03
4FFE	391.02 402.03
5006	300.05 302.02
5008	285.02
5009	544.07
500B	251.08
500D	392.04
500F..5010	464.09 465.06
5011	335.04
5012	500.09 501.01 501.08 502.01
5014	121.04
5016	186.06
5018	499.10
5019	157.11
501A	220.01
501C	515.02
501D	239.06
501F	55.12 56.01
5021	18.09
5023	131.08
5026	117.08
5028	114.06
502A	219.05 360.02
502B	322.02
502D	596.05 604.04
5036	112.04
503C	67.07 70.04
5043	626.07
5047	43.02 43.07
5048	41.09 57.02
5049	598.10
504F	410.08
5055	54.03 174.06
505A	553.01 555.06
505C	528.07
5065	61.06
506A	398.07
5074	9.09 549.08
5075	28.01
5076	372.06
5077	534.11 535.01
507A	536.07 541.09
507D	600.01
5080	474.09
5081	473.06
5085	145.01
508D	383.08 384.02 384.09
5091	55.02
5096	28.06 544.08
5098	429.03
5099	392.03
509A	172.05
50A2	41.12
50AC	561.02
50AD	641.01
50B2	5.07
50B3	101.05 102.04
50B4	646.02
50B5	10.04
50B7	437.03
50BB	433.03
50BE	82.03
50C2	317.05
50C5	75.03
50C9	63.06
50CA	177.04
50CF	169.05
50D1	52.04
50D5	425.08
50DA	303.02
50E5	50.04
50E7	432.01
50ED	62.12
50F1	261.06
50F5	44.09
50F9	43.08
50FB	404.09
5100	218.11
5102	368.06
5104	221.02
5106	80.06
5108	266.05
5109	59.13
510A	99.07
510C	50.05
510D	433.03
510E	539.02
5112	231.05
5114	92.05
5115	10.11
5118	75.08
511F	17.08
5121	292.11
512A	635.05
512D	27.02
5132	98.05
5133	543.09 543.10
5137	299.12
5139	541.10
513B	499.10
513C	626.06
513E	356.09
513F	227.03
5140	610.10
5141	233.05 656.09
5143	650.03
5144	188.08
5145	110.05
5146	20.09
5147	189.02
5148	176.11 177.01 180.02
5149	269.03
514B	254.09
514C	574.02
514D	341.09 342.01
514E	571.05
5152	124.06
5154	571.05
5157	626.05
515C	533.08
5162	79.11
5165	232.06
5167	353.03 358.03
5168	118.05
5169	301.05 302.01
516A	644.02
516B	373.01 374.03
516C	277.02
516D	315.04
516E	160.01
5171	278.06 279.01
5175	413.04
5176	39.03
5177	114.05
5178	521.02
5179	584.05
517C	59.05
5180	37.01
5182	87.08
5189	224.11
518B	87.09
518C	549.07
518D	538.03
5190	332.01
5191	91.03
5193	256.02
5195	342.03
5196	339.06
5197	234.11
5198	630.06
51A0	267.04 268.11
51A2	109.10
51A4	649.06
51A5	345.05
51A9	175.02
51AB	414.01
51AC	578.04
51B0	413.05
51B2	111.01
51B3	120.10
51B5	271.05
51B6	620.07
51B7	293.06
51C4	37.13
51C6	107.04
51C8	80.12
51C9	300.06
51CB	515.04
51CC	312.05
51CD	579.04
51CF	60.07
51D1	556.02
51DA	76.05
51DB	310.05
51DD	365.04
51DF	569.03
51E0	32.04 34.04
51E1..51E2	128.06
51E6	98.09
51F0	206.04
51F1	237.03
51F3	508.03 509.02
51F4	416.06
51F5	241.01
51F6	188.09 189.01
51F8	261.01 519.02
51F9	589.09 617.02
51FA	97.01
51FD..51FE	148.01
5200	500.07
5201	515.07
5203..5204	227.07
5206	134.06 135.01 136.02
5207	57.03 57.09
5208	224.03
520B	240.02
5211	185.03
5212	201.01
5217	305.06
5218	315.01
521D	97.02
5220	434.05
5224	382.08
5225	407.03
5226..5227	55.05
5228	388.03 389.04
5229	297.04
522E	263.03
5230	501.07
5234	531.02
5236	70.09
5237	465.04
5239	9.05
523A	588.10 589.01
523B	252.07 254.08
5243	514.06
5247	548.03
5249	554.09
524A	170.02 193.12
524B	255.01
524C	284.01
524D	64.07
5254	513.05
5256	421.09
5259	105.02
525B	241.06 242.01
525C	591.02
525D	386.01 417.04
5266	622.07
5269	448.02
526A	59.12
526E	264.01
526F	143.05
5272	249.07
5275	104.06 105.02
527E	256.08
527F	50.02
5283	201.01 201.08
5287	37.03 113.09
5288	402.10 404.03
5289	315.01
528A	273.06
528E	62.08
5290	213.11
5291	35.11
5294	62.08
529B	297.08
529D	119.08
529E	381.05
529F	276.05
52A0	42.06
52A3	306.02
52A4	75.12
52A9	96.03
52AA	367.08
52AB	55.05
52AC	116.03
52B3	288.08
52B5	119.09
52B9	172.06
52BE	156.01
52C1	76.07 80.08
52C3	419.14
52C5	73.08
52C7	641.07
52C9	342.02
52D1	73.08
52D2	291.01 291.03 291.09 291.12
52D5	579.03
52D8	241.03
52D9	610.02
52DB	195.04
52DD	447.05 448.03
52DE	288.08 290.05
52E2	456.02
52E4	77.05
52E6	50.03
52F0	174.02
52F3	195.04
52F5	298.06
52F8	119.08
52F9	385.03
52FA	440.01 470.02
52FE	255.04
52FF	609.09
5300	656.06
5305	385.04
5306	565.07
5308	189.03
5309	397.06
530A	112.07
530B	504.04
530D	425.10
5310	143.06
5315	399.03
5316	201.09 202.01
5317	391.04 419.05
5319	72.10 451.02
531A	131.05
5320	45.12
5321	270.06
5323	164.02
5327	58.05
532A	133.06
532F	210.03
5331	273.02
5333	308.02
5335	569.04
5338	162.06
5339	404.02
533B	217.01
533E	408.10
533F	360.11
5340	115.02
5341	450.06
5342	196.08
5343	63.01
5344	232.07 364.06
5347	447.02
5348	608.03
5349	210.08
534A	380.07 381.01
534D	593.03
5351	391.01
5352	556.06
5353	88.02
5354	174.02
5357	355.01
535A	418.03
535C	423.04
5360	11.04 12.04
5361	43.12 44.01 44.02
5366	264.02
5369	54.08 55.07
536C	4.06
536F	331.09
5370	631.08 632.01
5371	598.01
5374	122.04
5375	321.06
5377	117.04
5378	176.02
5379	191.04
537A	75.10
537B	122.04
537D	33.11 36.01
537F	82.04
5382	149.08
5384	371.02
5386	298.05
5393	613.04
5398	295.08
539A	158.02
539D	554.06 558.02
539F	651.02
53A0	482.09 589.03
53A5	121.06
53A6	165.03 433.06
53A8	97.04
53AD	627.02
53AE	480.05
53B0	18.04
53B2	298.05
53B6	349.06 480.02
53B7	213.05 278.05
53BB	117.01
53C1	428.05
53C3	444.03 542.08 550.03
53C5	542.08 550.03
53C8	639.05
53C9	8.02
53CA	33.04 35.04
53CB	639.02
53CC	466.08
53CD	129.04
53CE	457.09
53D4	462.04
53D5	89.03
53D6	116.08
53D7	459.03 460.01
53D8	409.03
53D9	191.09
53DA	164.08
53DB	383.01
53DF	473.06
53E0	518.05
53E1	233.04
53E2	565.09
53E3	256.11 257.01
53E4	259.07
53E5	113.07
53E6	313.02
53E8	500.08 503.06
53E9	257.03
53EA	68.03
53EB	50.09
53EC	20.06
53ED	373.02
53EE	525.06
53EF	253.10 254.01
53F0	490.08
53F1	73.09
53F2	453.02
53F3	639.10
53F5	420.07
53F6	175.01
53F7	151.04
53F8	481.04
53FC	515.08
5401	190.09
5403	71.12
5404	250.06 251.06 251.09 252.01
5406	616.08
5408	154.07 155.01
5409	34.01
540A	515.11
540C	581.01
540D	344.05
540E	158.03
540F	299.02
5410	569.11 571.02 571.03
5411	169.08
541B	123.03
541D	310.11
541F	630.05
5420	134.05
5423	78.05
5426	139.05 404.06
5427	373.05
5429	135.02
542B	147.10 152.08
542C	527.03
542E	562.05
5431	66.10
5433	607.06
5435	21.03 21.10
5436	367.03
5438	159.03
5439	106.02
543B	602.05
543C	157.10
543E	607.04
543F	244.08 245.01
5440	611.05
5442	324.09
5446	1.10 488.11
5448	29.12
544C	50.09
5451	577.08
5462	359.07 359.09
5466	636.04
5468	90.02
546A	90.12
5471	259.02 589.10
5473	599.03
5475	154.03
5478	393.05
547B	444.01
547C	197.08
547D	345.08
5482	536.04
5485	536.03
5486	389.05
5489	613.08
548B	7.08
548C	146.05 148.06 154.06 156.11
548E	85.06
548F	641.05
5490	143.09
5495	258.04
54A0	38.09
54A2	371.08
54A7	305.03 305.04 305.05 305.07
54A8	583.05
54A9	340.10
54AB	68.04
54AC	618.02
54AF	249.04 316.11
54B1	536.07 541.09
54B2	172.03
54B3	145.10 253.09
54B5	264.08
54B7	503.08
54B8	178.04
54BC	263.10
54BD	622.01 627.05
54C0	1.09
54C1	412.12 413.01
54C2	445.05
54C4	212.05 213.08
54C7	589.06
54C8	145.06 145.09 235.03
54C9	537.05
54CD	168.10
54CE	1.06
54E1	649.11 656.08
54E5	249.01
54E6	370.03
54E8	440.08
54E9	294.02
54EA	352.06 366.07
54ED	262.04
54F0	289.04
54F2	22.12
54F5	374.02
54F6	340.10
54FA	142.12 423.01
54FC	124.05 154.04
54FD	248.06
5506	471.05
5507	107.07
5509	1.08 2.04
5510	499.05
551A	78.05
5527	32.08
552B	630.05
552C	171.06
552E	460.07
552F	597.06 599.01
5531	18.10
5533	300.02
5535	3.05 356.02
553C	58.01
553E	533.05 571.04
5543	247.08
5544	89.05
5546	436.13 437.01
5547	509.09
554A	1.01
554C	46.09
554F	603.02
5550	561.05
5553	40.03
555A	400.03
555C	89.04
555E	612.08
5561	132.04
5563	179.01
5564	403.08
557B	457.06 515.03
557C	513.09
5582	600.10
5583	355.02
5584	435.09
5587	283.04 284.03
5589	157.06
558A	148.03
5592	541.09
5598	102.06
5599	210.12
559A	204.06
559C	161.08 162.01
559D	154.02 156.07
55A7	192.03
55A9	646.09 647.01
55AA	429.06 430.01
55AB	71.12
55AC	52.03
55AE	435.05 491.06 492.01
55B3	6.01 8.05
55B5	339.08
55BF	430.09
55C1	513.09
55C5	188.07
55C6	47.07
55C7	431.07
55C9	474.06
55CE	326.01
55D0	147.02
55D3	429.08
55D4	25.11
55DC	457.04
55DF	54.07 121.10
55E1	603.09
55E3	483.02
55E4	72.05
55F6	401.07
55F9	306.07
55FD	473.07
5601	38.03
5606	496.08
5608	547.05
5609	42.10
560B	171.07
560E	42.13
5611	197.10
5614	371.12 372.11
5616	549.02
5617	17.06
561B	326.06
561F	566.03
5620	235.02
5629	200.05
562C	100.08 551.08
562E	288.09
5630	30.12
5631	95.05
5632	19.08 21.07
5634	560.03
563F	347.05
564D	48.14
564E	620.01
564F	159.03
5650	40.11
5651	150.07
5653	190.02
5658	120.02
5659	77.08
565D	481.02
5664	76.06
5665	358.05 368.04
5666	209.08 654.03
5668	40.11
5669	371.06
566A	430.09
566B	217.05
566F	1.11 2.05 2.07
5674	136.04 396.03 396.05
5678	577.03
5680	365.02
5687	156.10 165.04 166.01
568E	150.07
568F	514.10
5695	318.04
56A5	627.05
56A8	323.02
56AE	169.09
56B4	623.05 624.01
56B5	13.05
56B7	224.12 225.04
56BC	49.05 51.04 121.03
56C2	171.05
56C9	315.09
56CA	356.04
56D1	95.05
56D3	362.08
56D4	356.05
56D7	598.04
56D8	208.02
56DA	87.03
56DB	481.06 482.01
56DE	208.02
56DF	184.01 186.06
56E0	628.08
56E4	576.09
56EB	197.02
56EC	208.02
56EE	638.02
56EF	280.08
56F0	276.03
56F9	311.03
56FA	262.01
56FF	639.08
5703	426.07
5704	645.03
5705	148.01
5707	322.03 322.10
5708	118.01 118.04
570B	280.08 281.01
570D	597.03
5712	652.03
5713	650.01
5716	570.01
5718	573.02
571D	321.02
571F	570.08 571.01
5723	447.08
5728	538.04 539.01
572D	272.02
5730	511.05 512.01
5740	68.09
5746	135.05
5747	122.10 123.01
574A	131.02
574D	495.02
574E	240.05
574F	403.04
5750	552.05
5751	248.11
575B	495.05
5761	420.01
5764	275.05
5766	496.04
576D	359.11
576F	403.04
5770	87.09
5774	320.11
577C	549.04
5782	106.07
578B	185.04
579B..579C	530.03
57A2	256.07
57A3	652.08
57A4	518.12
57BB	375.05
57C3	2.01
57C7	641.10
57CB	327.08 329.07
57CE	29.09
57DC	620.06
57DF	648.03
57E0	425.03
57F3	240.05
57F6	222.05
57F7	67.12
57F9	393.08
57FA	30.07
57FD	430.06 430.08
5802	499.02
5803	275.05
5805	58.11
5806	560.02 573.07
5807	75.02
581E	518.07
5821	387.02 423.05 426.06
5824	509.04
5826	54.04
582A	240.03
582D	206.10
582F	617.10
5831	387.05
5834	18.01 18.07
5835	567.08
583F	60.03
584A	266.03
584B	634.01
584C	487.05
5850..5851	475.04
5854	488.02
5857	570.03
5858	499.06
585A	109.11
585E	427.11 428.03 431.04
585F	544.06
5861	524.05
5862	609.04
5872	18.01 18.07
5875	26.11
587E	462.02
5881	329.10
5883	81.03
5885	465.01
5888	241.04
5889	641.02
588A	522.03
5893	351.06
5896	488.02
589C	105.07
589E	550.06
58A8	347.04
58A9	576.03
58AB	562.02
58AE	531.05
58B0	495.11
58B3	135.05
58BB	47.01
58BE	247.06
58C1	400.02 401.09
58C5	640.08
58C7	495.05
58D1	157.02
58D3	611.10 612.01
58D5	150.08
58D8	292.12
58D9	271.02
58DE	202.07
58E4	225.05
58E9	375.05
58EB	455.03
58EC	226.03
58EF	104.03
58F0	446.05
58F3	122.07 253.08
58F9	216.01 217.06 220.06
58FA	197.11
58FB	191.06
58FD	460.05
5900	460.05
5902	71.11
5905	46.02
5906	137.07
590A	476.04
590B	123.05 562.04
590C	312.04
590D	142.02
590F	165.02
5915	163.05
5916	590.06 591.01
5917	592.08
5919	475.05
591A	529.02
591C	621.01
591F..5920	256.01
5922	337.09
5925	215.01
5927	485.03 486.01 487.01 488.13
5929	523.01 524.01
592A	491.02
592B	139.08 140.05
592C	120.09 265.04
592D	616.10
592E	613.07
592F	149.09
5931	449.06 450.01
5937	218.05
5938	264.06
593E	42.02
5942	204.05
5944	626.02
5947	38.11
5948	354.05
5949	138.08
594E	274.08
594F	555.07
5951	41.04
5954	395.01 396.01
5955	223.05
5957	505.01
5958	104.01
595A	159.07
5960	522.05
5962	441.02
5967	5.09
5969	308.02
596A	529.03
596E	136.06
5973	369.02
5974	367.05
5976	354.02
5978	59.04
597D	150.10 151.01 151.03
5981	89.06 470.03
5982	231.03
5983	133.03
598D	624.06
5992	569.02
5993	36.08
5996	616.11 617.01
5997	76.10
5999	340.08
599D	103.07
599E	365.10
59A3	399.05
59A5	533.03
59A8	131.03
59AC	569.02
59AE	359.10
59AF	90.08
59B3	354.02
59B9	334.05
59BB	37.12
59BE	57.12
59C6	290.02 290.03 350.07
59C9..59CA	585.04
59CB	453.04
59D0	55.08
59D1	258.05
59D2	482.05
59D3	186.01
59D4	598.07
59DA	617.14
59DC	45.03
59E5	290.03 350.07
59E6	59.03
59E8	218.06
59EA	68.01
59FB	629.01
59FF	583.06
5A01	596.03
5A03	590.01
5A0C	295.12
5A13	598.06
5A18	361.04
5A1B	644.10
5A20	25.04 355.05
5A23	512.03
5A29	342.04 592.09
5A36	116.09
5A3C	16.10
5A41	317.04
5A46	420.05
5A49	592.06
5A4A	405.08
5A5A	211.03
5A62	393.01 402.04
5A63	629.01
5A66	143.04
5A6A	286.09
5A77	528.08
5A7F	191.06
5A86	368.03
5A8D	143.04
5A92	333.04
5A9A	335.01
5A9B	652.06
5AB3	160.10
5ABC	5.06
5ABD	326.02
5ABF	274.10
5AC1	43.09
5AC2	430.07
5AC9	36.04
5ACC	178.07
5AD6	406.04
5AE0	295.07
5AE1	510.01
5AE6	17.05
5AE9	358.04
5AF0	358.04 368.03
5AFA	178.02
5B09	160.03
5B0C	48.11
5B2A	412.01
5B2D	354.02
5B30	633.03
5B38	445.02
5B40	467.02
5B43	361.05
5B4C	325.05
5B50	584.10
5B54	280.01
5B55	657.06
5B57	586.02 587.01
5B58	563.02
5B5A	141.07
5B5B	419.08
5B5C	584.09
5B5D	172.08 173.01
5B5F	337.10
5B63	34.12
5B64	259.03
5B65	367.06
5B69	145.11
5B6B	477.07
5B70	462.01
5B73	584.06
5B78	171.08 194.04
5B7A	231.06
5B7C..5B7D	362.04
5B7E	633.03
5B80	341.08
5B81	96.09
5B82	234.11
5B83	532.04
5B85	9.14
5B87	645.07
5B88	459.02
5B89	3.02
5B8B	479.06
5B8C	591.06
5B8F	213.04
5B95	498.07
5B97	563.05 564.01
5B98	267.02
5B99	91.02
5B9A	526.03
5B9B	592.05
5B9C	218.03 221.08
5B9D	387.04
5BA2	254.03
5BA3	192.02
5BA4	455.02
5BA5	639.09
5BA6	205.01
5BAE	278.04
5BB0	537.07
5BB3	146.06 147.01
5BB4	627.07
5BB5	170.03
5BB6	41.11
5BB9	233.08 234.01 641.03
5BBF	187.06 188.01 190.06 474.08
5BC2	37.04
5BC3	649.06
5BC4	36.05
5BC5	630.04
5BC6	339.02
5BC7	258.01
5BCC	143.07
5BD0	334.06
5BD2	147.09
5BD3	646.06
5BD4	451.04
5BD5	365.01
5BD8	70.05
5BDB	269.01
5BDC	365.01
5BDE	348.08
5BDF	8.11
5BE1	263.09
5BE2	78.03
5BE4	610.09
5BE5	303.11
5BE6	451.04 452.01
5BE8	10.05
5BE9	444.09 445.01
5BEB	175.02
5BEE	303.03
5BF0	203.04
5BF3	387.04
5BF5	111.07
5BF6	387.04
5BF8	563.04
5BF9	573.08
5BFA	482.08
5BFF	460.05
5C01	137.03
5C03	140.04
5C04	442.05 452.06
5C05	255.01
5C06	44.07
5C07	44.07 44.10
5C08	100.09
5C09	600.04 600.06 648.09
5C0A	562.01
5C0B	183.01 195.07
5C0C	463.08
5C0D	573.08 574.01
5C0E	501.03
5C0F	171.09 172.01
5C11	440.06 440.07
5C14	125.04
5C16	58.06
5C1A	439.01
5C1E	304.08
5C22..5C23	594.02
5C24	637.08
5C31	85.04
5C38	450.02
5C39	631.06
5C3A	23.06 73.01
5C3B	245.04
5C3C	359.08
5C3D	76.02
5C3E	220.03 598.05
5C3F	361.08 476.03
5C40	112.05
5C41	404.13
5C45	112.01
5C46	56.12
5C48	115.09
5C4A	56.12
5C4B	605.05
5C4D	450.03
5C4E	453.07
5C51	176.09
5C55	11.12
5C5B	414.03 416.04
5C5C	514.05
5C5E	463.01
5C60	570.07
5C62	324.06
5C63	162.05
5C64	551.05
5C65	297.02 324.08
5C6C	463.01
5C6E	23.13
5C6F	107.01 577.09
5C70	360.07
5C71	434.01
5C81	477.01
5C90	39.11
5C91	26.13 550.04
5C94	8.13 8.16
5CA1	241.05
5CA9	624.02
5CB1	489.04
5CB3	655.10
5CB8	4.04
5CD2	581.02
5CEA	647.05
5CEF..5CF0	137.08
5CF6	501.04
5CFB	123.07
5D07	111.05
5D0E	38.12
5D11	275.07
5D14	561.01
5D16	613.04
5D19	321.12 322.01
5D29	396.06
5D3D	538.02
5D4C	65.09
5D69	478.09
5D82	16.06
5D87	115.03
5D97	289.01
5D9D	508.05
5DBA	312.10
5DBD	656.01
5DCD	596.07
5DD3	520.06
5DD6	624.02
5DDB	102.02
5DDD	102.02
5DDE	89.13
5DE0	78.07
5DE1	195.08
5DE2	21.09
5DE4	284.01 306.03
5DE5	276.04
5DE6	552.03
5DE7	52.10
5DE8	114.09
5DEB	605.08
5DEE	7.14 8.15 10.09
5DF1	34.06
5DF2	219.09
5DF3	482.06
5DF4	373.04
5DF7	169.07
5DFB	117.07
5DFD	197.01 478.05
5DFE	74.05
5E02	455.08
5E03	424.02
5E06	128.03
5E0B	68.02
5E0C	159.01
5E11	367.09 500.02
5E12	489.06
5E15	376.03
5E16	519.06 520.04
5E18	307.05
5E19	70.12
5E1A	90.10 431.03
5E1B	418.09
5E1D	512.07
5E21	396.09
5E25	466.04
5E2B	449.03
5E2D	161.02
5E2E	383.06
5E33	15.08
5E36	489.01
5E37	597.07
5E38	17.04
5E3D	332.02
5E43	597.04
5E45	140.10
5E47	383.06
5E4C	207.03
5E54	330.01
5E55	351.07
5E59	351.07
5E5F	69.08
5E61	127.10
5E63	400.07
5E6A	336.07
5E6B	383.06
5E72	238.05
5E73	415.03 416.01
5E74	362.10 363.01
5E75	64.05
5E76..5E77	415.01
5E78	186.06
5E79	239.07
5E7A	616.07
5E7B	204.11
5E7C	640.02
5E7D	635.06
5E7E	30.11 34.04
5E7F	626.10
5E84	103.06
5E85	325.11 346.01
5E87	401.02
5E8A	104.08
5E8F	191.03
5E95	510.10 511.01
5E96	389.06
5E97	521.04
5E99	340.07
5E9A	248.01
5E9C	142.04
5EA0	168.03
5EA6	530.06 568.05
5EA7	552.06
5EAB	262.09
5EAD	528.02
5EB5	3.06
5EB6	464.06
5EB7	242.10
5EB8	640.11
5EB9	533.04
5EC1	482.09 589.03
5EC2	167.03
5EC8	165.03 433.06
5EC9	307.07
5ECA	288.01
5ECB	472.11
5ED2	5.03
5ED5	632.04
5EDA	97.04
5EDB	13.06
5EDF	340.07
5EE0	18.04
5EE2	134.02
5EE3	270.03
5EE9	310.06
5EEC	318.06
5EF3	527.04
5EF4	631.07
5EF5	195.08
5EF6	624.03
5EF7	528.01
5EF8	510.04
5EF9	421.05
5EFA	61.05
5EFB	208.06
5EFE	278.10
5EFF	232.07 364.06
5F00	64.05
5F01	410.03
5F04	323.12 359.05 369.04
5F08	223.05
5F0A	400.08
5F0B	224.06
5F0C	216.01 217.06 220.06
5F0D	125.06
5F0F	454.03
5F11	454.05
5F13	278.02
5F14	516.01
5F15	630.07 631.01
5F17	141.05
5F1B	453.08
5F1D	374.10
5F1F	512.02
5F22	503.04
5F26	178.08
5F29	367.10
5F2D	339.01
5F30	439.02
5F31	230.04
5F35	14.10
5F37	47.04 47.05
5F38	396.07
5F3A	47.04 47.05
5F40	256.01
5F48	494.03 495.07
5F4A	47.04
5F4C	338.03
5F4E	591.04
5F50..5F51	37.07
5F52	271.10
5F53	497.03
5F54	320.06
5F56	573.06
5F57	209.06
5F59	210.05
5F61	434.02
5F62	185.02
5F66	628.04
5F69	540.08 541.01
5F6A	405.05
5F6B	515.05
5F6C	412.04
5F6D	398.02
5F70	14.12
5F71	634.06
5F73	73.10
5F77	131.09
5F79	223.01
5F7C	399.07 400.01
5F7F	141.06
5F80	594.05 595.07
5F81	27.06
5F82	557.03
5F83	594.05
5F85	490.01
5F87	196.03
5F88	153.01
5F8A	208.03
5F8B	324.11
5F8C	157.12 158.01
5F90	190.11
5F91	80.09
5F92	570.02
5F97	505.02 506.05
5F98	379.01
5F99	162.04
5F9C	17.03
5F9E	565.05 565.01 566.01
5FA0	285.02
5FA1	648.04
5FA4	61.07
5FA7	410.02 411.08
5FA8	206.05
5FA9	144.06
5FAA	196.01
5FAE	596.02
5FB5	28.03 69.04
5FB7	505.04
5FB9	23.08
5FBD	207.11
5FC3	181.05 182.01
5FC5	400.04
5FCC	35.01
5FCD	227.04
5FD0	496.06
5FD1	506.03 571.07
5FD2	506.02
5FD6	563.03
5FD7	70.06
5FD8	595.05
5FD9	330.05
5FDD	524.09
5FE0	109.01
5FE4	609.01
5FEB	265.07 266.01
5FF1	26.06
5FF5	364.05
5FF8	366.05
5FFB	182.05
5FFD	197.03
5FFF	136.03
600C	202.04
600D	553.03
600E	550.02
600F	616.03
6012	367.11
6015	376.04
6016	424.05
6019	199.13
601B	487.02
601D	479.07 480.01
6020	490.02
6021	219.02
6025	33.03
6026	397.07
6027	186.02
6028	653.04
6029	360.01
602A	265.05
602F	57.10
6031	565.07
6033	207.01
6035	99.06
6043	456.08
6046	153.06
604B	308.08
604D	207.01
6050	279.06
6052	153.06
6055	463.07
6059	615.06
6060	265.05
6062	207.07
6063	583.07
6064	191.04
6065	73.02
6068	153.03
6069	124.03
606A	122.08 254.04
606B	580.04
606C	524.08
606D	278.01
606F	160.09
6070	44.03
6083	275.09
6084	52.12
6085	655.08
6089	160.04
608B	310.11
608C	514.07
608D	149.02
6090	515.01
6094	208.09
6096	392.09
609E	610.05
609F	610.07
60A0	636.02
60A3	204.10
60A4	565.07
60A8	364.07
60B2	390.08
60B4	561.06
60B5	15.09 19.01
60B6	336.02
60BC	502.06
60BD	37.14
60C5	82.05
60C7	576.02
60D1	215.04
60D5	515.01
60DA	197.04
60DB	211.04
60DC	158.05
60DD	18.05
60DF	597.08
60E0	210.01
60E1	370.09 370.11 371.01 610.04
60E6	522.01
60E7	114.04
60E9	30.05
60EA	505.04
60F0	530.08
60F1	357.04
60F3	168.08
60F6	206.06
60F9	229.02
60FA	184.04
60FB	549.09
60FD	211.04
6101	92.02
6106	63.10
6108	644.03 647.02
610E	402.07 404.12
610F	220.07 221.01
6110	342.05
6115	371.09
611A	643.10
611B	2.06
611C	58.04
611F	239.04
6120	603.06 657.08
6127	274.10
612C	474.07
6130	207.04
613B	196.07
613C	445.07
613D	418.03
613F	652.11
6144	299.04
6147	629.06
6148	587.07
614B	491.04
614C	205.03
6155	351.08
6158	543.06
6159..615A	543.02
615D	506.04
615F	583.04
6162	330.02
6163	268.10
6167	209.07
6168	237.05
616A	372.11
616E	324.12
6170	600.05
6176	83.06
6177	243.01
617C	38.04
617E	647.07
6182	635.04
618A	378.04
618B	407.01
618E	551.01
6190	307.04
6191	416.06
6194	51.12
619A	494.04
61A4	136.05
61A8	147.05
61A9	41.10
61AB	343.05
61B0	121.11
61B2	181.02
61B6	221.03
61BE	149.06
61C2	579.02
61C3	77.06
61C7	247.07
61C8	175.08
61C9	632.07 634.08
61CA	5.10
61CB	349.11
61D4	310.05
61DC	337.08
61E3	336.02
61E6	367.01
61F2	30.05
61F5	337.08
61F6	286.10
61F7	202.04
61F8	192.06
61FA	14.05
61FC	114.04
61FD	203.01
61FE	23.03
61FF	223.11
6200	308.08 321.09 325.07
6208	250.05
6209	654.07
620A	611.02
620C	190.07
620E	234.07
6210	29.08
6211	370.08 604.07
6212	56.09
6214	59.06
6215	46.11
6216	215.03
621A	38.02 39.08
621B	42.12
621E	235.01
621F	34.11
6220	66.13
6225	508.02
622A	55.03
622E	320.14
6230	12.06
6232	162.09 163.01
6233	89.10
6234	489.02
6236	199.10
623E	300.01
623F	131.06
6240	471.10
6241	408.09 410.07
6247	436.04
6249	132.05
624B	458.03
624D	539.04 540.04
624E	5.13 6.07
6251	425.06
6252	373.03
6253	484.04 485.01
6254	228.06
6258	531.10 532.01
625B	243.04
625E	149.03
6260	8.03
6263	257.04
6267	67.12
626D	366.02
626E	381.08
626F	23.05
6273	382.01
6276	140.06
6279	402.13 403.01
627B	240.06
627C	371.03
627D	576.10
627E	20.01
627F	30.03
6280	36.09
6284	21.04
6285	255.05
628A	373.07 374.08 374.11
628D	28.08 30.07
6291	223.10
6292	463.05
6293	99.08
6295	535.03
6296	533.11
6297	243.07
6298	7.06 22.04 441.03
629B	389.01 421.08
62A5	387.05
62AB	393.03 402.12
62AC	490.09
62B1	388.01
62B5	511.02
62B9	347.02 348.02
62BC	611.08 612.09
62BD	91.07
62BF	343.08
62C2	145.05
62C3	7.06
62C4	95.02
62C5	492.04
62C6	10.10 549.05
62C7	349.10 350.08
62C8	363.02 520.11
62C9	283.03
62CA	143.02
62CC	381.03
62CD	378.05 421.02
62CF	352.07
62D0	265.02
62D1	65.02
62D2	114.10
62D3	531.10
62D4	374.05
62D5..62D6	531.09
62D7	366.06 618.04
62D8	112.02
62D9	88.04
62DA	128.03 383.03 410.04 412.08
62DB	19.04
62DC	377.06 378.01
62EC	282.04
62ED	454.04
62EF	28.08 30.07
62F1	278.07
62F3	119.05
62F4	466.05
62F7	245.06
62FD	100.01 100.04 223.06 621.09
62FE	450.06 452.04
62FF	352.07
6301	72.11
6302	264.03
6307	66.04 67.10 68.07
6308	58.03 176.10
6309	4.01 124.04
6310	352.07
6311	516.08 517.01 517.07
6313	6.05
6316	589.05
6328	1.07 2.02
632A	366.09
632B	555.01
632F	25.05
6331..6332	432.02 471.07
633A	528.10
633D	592.10
633E	42.03 42.15 174.05
6345	582.08
6346	275.10
6349	88.05
634C	373.01 374.03
634D	149.03
634E	439.03
6350	117.03
6355	423.02
6362	204.07
6366	77.09
6367	398.05
6368	441.07
636B	335.07
636C	142.10
6371	613.05
6372	117.05
6375	26.02
6376	106.08
6377	55.04
6379	395.02
637A	353.06
637B	362.02 363.06
6380	177.03
6383	430.06 430.08
6384	321.11 322.04
6387	530.10
6388	460.02
6389	515.10
638C	15.06
638F	503.01
6390	43.11
6392	379.02
6396	621.02
6398	121.05
6399	29.01
639B	264.03
63A0	304.07 325.09
63A1	541.02
63A2	494.05 496.07
63A3	23.12
63A5	53.07
63A7	280.03
63A8	574.06 575.01
63A9	626.03
63AA	554.07
63AC	112.07
63AF	247.05
63BD	398.06
63C0	60.05
63C6	274.04
63C9	230.06
63CC	428.02
63CF	339.10
63D0	509.05 513.07
63D1	362.01
63D2	8.04
63D6	217.02
63DA	614.05
63DC	626.03
63DD	559.06
63E1	605.06 604.09 605.01
63E3	100.06
63E6	283.06
63E9	57.05
63EA	84.01
63ED	53.08 54.01
63EE	207.09
63F0	111.09
63F4	652.07
6403	564.07
6406	256.03
640A	91.08
640B	100.05
640C	11.13
640D	477.08
640F	418.04
6413	554.01
6414	430.03
6416	617.04
6417	501.05
6418	67.03
641C	472.12
6421	429.09
6425	106.04
6426	360.09
6427	434.07
6428	488.06
642A	499.07
642C	379.06 380.01
642D	483.07
642F	503.01
6430	262.03
6432	590.03
6435	124.04
6436	46.05 47.06
6437	520.07 524.06
643A	160.02 174.08
643D	8.10
6440	609.05
6454	465.08 466.01 466.02
6458	9.07 548.09
645E	317.02
645F	317.03 317.09
6460	564.07
6467	561.03
6469	345.10 346.05
6473	256.09
6476	573.03
6478	326.03 331.03 346.02
6479	346.10 350.03
647A	22.05
6482	304.06
6485	120.03
6486..6487	407.05
6488	288.07
648D	559.06
6490..6491	29.05
6492	427.05 427.10
6493	356.13 357.01
6495	480.06
6499	562.06
649A	364.04
649E	104.04
64A2	493.02 497.02
64A3	493.03 495.08
64A4	23.09
64A5	417.03
64A6	23.05
64A9	303.01 303.04 304.09
64AB	142.10
64AC	53.05
64AD	419.03
64AE	551.09 554.04
64B0	101.07
64B2	425.06
64B4	576.04
64BB	485.02 488.08
64BC	149.07
64BF	60.02
64C0	239.05
64C1	640.09 641.09
64C2	292.03
64C4	315.08 316.08 319.04
64C5	436.07
64C7	9.11 548.06
64C9	89.09
64CA	31.11
64CB	497.06
64CD	547.02
64CE	83.01
64D2	77.09
64D3	265.06
64D4	492.04 493.07
64D6	252.04
64D8	376.05 419.06
64DA	113.10
64E0	34.09
64E1	490.09 491.01
64E2	88.12
64E3	501.05
64E4	185.07
64E6	8.01 537.02
64EC	360.05
64EF	412.05
64F0	365.03 365.06 365.07
64F1	249.05
64F2	67.02
64F4	282.03
64FA	377.04
64FB	473.05 473.09
64FE	225.09
6500	382.01
6506	364.01
6509	215.09
650B	283.06
650F	323.11
6514	286.05
6518	225.02 225.06
6519	13.02
651B	559.08
651C	160.02 174.08
651D	442.07
6522	542.01 559.06 559.10
6523	325.04
6524	494.06
6529	497.06
652A	49.08
652C	286.12
652E	356.07
652F	66.09
6532	38.08 57.04
6534..6535	425.07
6536	457.09 458.01
6537	245.05
6538	636.01
6539	235.06
653B	276.06 277.01
653E	132.02
653F	28.10
6541	520.11
6545	261.09
6548	172.04
654D	191.09
654E	48.05 50.13 51.01
654F	343.07
6551	85.05
6554	645.04
6555	73.08
6556	5.02
6557	378.02
655D	400.06
655E	18.03
6560	530.11
6562	239.02
6563	429.02 429.05
6566	576.02
656B	32.01
656C	81.05
6572	51.06
6574	28.07
6575	510.02
6577	140.02
6578	462.13 463.06 470.06 472.04
657A	115.05
6582	308.09
6583	400.10
6585	173.03
6587	602.01 602.04
6588	171.08 194.04
658B	9.10
658C	412.04
658D	120.05
6590	133.07
6591	380.04
6597	533.10
6599	304.04
659B	199.05
659C	164.04 174.04
659F	24.09
65A4	73.11
65A5	73.04
65A7	142.08
65AC	12.01
65AD	572.03
65AF	480.04
65B0	182.02
65B7	572.03
65B9	130.07 131.01
65BC	643.05
65BD	448.06 449.01
65BE	394.08
65BF	637.04
65C1	384.09
65C4	331.08
65C5	324.04
65C6	394.08
65CB	192.07 193.07
65CC	80.02
65CF	556.07 558.07
65D7	39.04
65D8	69.08
65DB	127.10
65E0	606.01
65E3	34.13
65E5	229.01
65E6	493.05
65E7	85.02
65E8	68.06
65E9	545.07
65EC	196.02
65ED	191.01
65F1	149.01
65F6	450.08
65F9	450.08
65FA	596.01
6602	4.07
6606	275.06
6607	447.03
660A	152.06
660C	16.09
660E	344.04
660F	211.02
6613	221.05
6614	161.05
661C	614.04
661F	184.03
6620	635.02
6625	107.05
6627	334.07
6628	552.01
662D	19.05
662F	453.10
6635	360.12
6637	601.05
6641	19.07 21.06
6642	450.08 451.01
6643	207.02
6649	76.08
664B	76.08
664C	437.07
664F	627.08
6652	433.13
665D	91.01
6664	610.08
6666	210.06
6668	26.04
6669	593.01
666E	426.04
666F	80.05
6670	160.07
6673	160.07
6674	82.06
6676	80.01
6677	272.11
667A	69.06
667E	302.07
6687	164.09
6688	657.03
668C	274.05
668E	635.02
6691	462.09
6696	355.05 356.06 368.01
6697	4.03
66A2	18.08
66AB	12.07
66AE	352.01
66B1	360.12
66B4	388.04 425.02
66C1	34.14
66C6	299.06
66C7	496.02
66C9	172.02
66D9	462.10
66DC	619.05 655.02
66DD	388.05
66E0	271.03
66E9	356.08
66EC	433.13
66F0	654.02
66F2	115.06 116.10
66F3	100.04 223.06 621.09
66F4	79.05 247.10 248.09
66F7	156.06
66F8	460.08 461.01
66F9	547.04
66FC	329.02
66FE	551.04 550.05
66FF	514.04
6700	560.05
6701	543.08
6703	208.08 209.04 266.04
6708	654.04
6709	638.04 639.01 639.06
670B	397.09
670D	140.08
6714	470.07 472.06
6715	25.10
6717	288.05
671B	595.06
671D	19.07 21.06
671F	30.08 37.10
6726	336.05
6727	323.06
6728	350.12 351.01
672A	599.02
672B	347.09 348.01
672C	395.05
672D	6.08
672E	94.06 462.07
6731	93.04
6734	425.09
6735..6736	530.02
673D	187.07
673F	588.09
6746	238.06
6748	9.02
6749	433.02 434.03
674C	611.01
674E	297.01
674F	186.05
6750	540.05
6751	562.09
6753	405.04 440.02 470.10
6756	16.05
675C	568.08
675F	464.05
6760	242.08
6765	284.11
676A	340.01
676F	390.06
6771	578.03
6773	340.06 618.06
6775	98.10
6777	373.06
677C	96.13
677E	478.06
677F	380.06
6787	403.11
6789	594.06
678F	355.03
6790	160.06
6795	24.13
6797	309.03
679A	333.07
679C	281.02
679D	66.11
67AF	262.05
67B3	68.05
67B5	171.04
67B6	43.05
67B7	42.08
67BC	621.05
67C1	530.12 532.05
67C4	414.06
67CF	377.05 419.08
67D0	349.06 350.09
67D1	238.02
67D2	37.08
67D3	224.10
67D4	230.05
67D8	23.02
67DA	640.04
67DE	553.04
67E9	84.03
67EC	60.04
67EF	253.04
67F1	95.07
67F3	315.02
67F4	10.13
67F5	7.13
67FA	265.03
67FF	456.01
6816	38.01 159.06
6817	299.03
681B	297.09
6821	50.11 172.07
6822	377.05 419.08
682A	93.05
6838	156.02 199.03
6839	246.05
683C	250.07
683D	537.06
6840	55.01
6842	273.04
6843	503.09
6845	598.02
6846	271.07
6848	4.02
684C	88.03
6850	581.03
6851	429.07
6853	204.01
686C	432.03
6876	583.01
687C	38.05
687F	238.09
6881	300.07
6883	528.03
6885	333.06
6886	383.07
6894	67.04
6897	248.07
689D	517.03
689F	171.03
68A2	439.04
68A6	337.09
68A7	607.05
68A8	294.09
68AD	471.06
68AF	513.04
68B0	176.04
68B3	461.02
68B5	130.06
68B9	412.02 414.02
68C3	294.09
68C4	41.01
68C9	341.05
68CA..68CB	39.05
68CD	275.04
68D0	133.08
68D2	384.05
68D5	564.02
68D7	546.03
68D8	36.06
68DA	397.10
68DF	579.05
68E0	499.09
68E7	12.08
68EE	431.10 444.04
68F1	293.04
68F2	38.01 159.06
68F5	252.11
68F9	20.04 88.03
68FA	267.03
6900	592.07
6901	282.01
6905	220.02
690A	557.09
690D	67.08
6912	48.06
6930	620.03
6939	24.10 228.05 444.07
693D	102.05
693F	107.06
6942	6.03 8.07
694A	614.06
695A	98.07
695E	293.04
6960	355.03
6961	644.04
6963	333.03
6965..6966	193.05
696B	36.10
696D	621.08
696E	98.11
6975	33.07
6977	237.02
6978	86.02
6982	236.03
6994	288.02
6995	234.02
699B	24.11
699C	383.10
69A7	133.08
69A8	7.12
69AB	478.02
69AD	175.05
69AE	234.05
69B4	314.05
69BB	488.07
69BE	260.09
69C1	244.06
69CA	470.08 472.08
69CB	256.04
69CC	106.05
69CD	46.06
69D0	202.06
69D3	242.08
69D6	532.12
69E8	282.01
69E9	236.03
69F3	45.06
69FD	547.07
6A01	103.09
6A02	291.04 619.02 654.05
6A0A	129.02
6A13	317.06
6A19	404.14 405.01
6A1E	461.08
6A1F	15.01
6A21	346.11 350.04
6A23	616.01
6A2A	153.05
6A35	52.01
6A37	565.09
6A38	425.09
6A39	463.09 464.01
6A3A	201.06
6A3D	562.02
6A44	239.03
6A47	51.11
6A4B	52.05
6A54	576.05
6A55	29.06
6A58	112.06
6A59	26.12
6A5B..6A5C	121.07
6A5F	31.01
6A61	169.06
6A6B	153.09
6A80	495.06
6A84	32.02
6A90	624.08
6A94	498.04
6A9C	273.07
6AA2	60.01
6AA3	47.02
6AA9	310.07
6AB3	412.02 414.02
6ABB	62.05 181.03 240.08
6ABE	83.04
6AC2	20.12
6AC3	273.02
6AC8	508.03 509.02
6AD3	319.03
6ADD	569.04
6ADE	652.01
6AEC	27.01
6AFB	633.04
6B04	286.06
6B0A	119.01
6B12	321.03
6B13	498.04
6B16	286.13
6B1D	648.11
6B20	65.07
6B21	588.08
6B22	203.01
6B23	182.05
6B2C	253.09
6B2E	120.01
6B32	647.06
6B35	269.02
6B36	464.07
6B38	1.08 2.04
6B3A	37.11
6B3B	99.11 197.09
6B3C	89.04
6B3D	77.03
6B3E	269.02
6B46	182.07
6B47	173.05
6B49	65.10
6B4C	249.02
6B4E	496.08
6B50	371.13
6B60	89.04
6B61	203.01
6B62	68.08
6B63	28.09
6B64	588.05
6B66	609.02
6B67	39.12
6B6A	590.05
6B71	109.09
6B72	477.01
6B77	299.05
6B78	271.10 272.01
6B79	488.12
6B7B	481.05
6B7F	350.01
6B80	618.07
6B81	347.07
6B82	557.04
6B83	613.09
6B84	525.02
6B86	490.03
6B89	196.12
6B8A	461.09
6B96	67.09
6B98	543.01
6B99	211.05
6B9E	656.10
6BA4	437.04
6BA8	210.10 274.13
6BAE	309.01
6BAF	412.06
6BB3	461.10
6BB5	572.04
6BB7	629.05
6BB8	83.07
6BB9	216.05
6BBA	432.10 433.04 433.14
6BBB	122.07 253.08
6BBC	122.07
6BBD	617.12
6BBF	522.04
6BC0	209.01
6BC5	223.03
6BC6	372.02
6BCB	607.08
6BCD	350.06
6BCF	334.04
6BD2	567.03
6BD4	399.04 401.01
6BD7..6BD8	404.01
6BDA	13.04
6BDB	331.04
6BE1	11.09
6BE7	234.08
6BEB	150.04
6BEC	86.10
6BEF	496.03
6BF3	561.11
6BFB	532.03
6BFD	61.07
6C05	18.06
6C08	11.09
6C0F	455.07
6C10	510.09
6C11	343.01
6C13	330.06 337.02
6C14	40.06
6C1C	615.01
6C23	40.08
6C34	467.07 468.01
6C37	413.05
6C38	641.04
6C3E	130.03
6C40	528.05
6C41	66.08
6C42	86.08
6C4A	9.03
6C4E	130.05
6C50	163.06
6C55	436.08
6C57	148.09
6C59..6C5A	605.07
6C5B	183.05 196.09
6C5D	232.02
6C5F	44.05
6C60	72.12
6C69	261.03
6C6A	594.01
6C70	491.03
6C72	32.06 35.05
6C7A	120.10
6C7D	40.07
6C81	78.06
6C82	219.06
6C83	605.04
6C88	26.07 445.04
6C89	26.07
6C8C	576.11
6C8F	37.09
6C90	351.02
6C92	332.09 333.01 347.08 350.02
6C96	111.01
6C99	432.04
6C9B	394.05
6CA1	332.09 350.02
6CAB	348.03
6CB0	531.06
6CB3	155.04
6CB8	133.11
6CB9	636.07
6CBB	69.07
6CBC	20.03
6CBD	258.06
6CBE	11.05
6CBF	624.09 627.06
6CC4	176.05
6CC5	87.04
6CC9	119.03
6CCA	418.02
6CD0	291.10
6CD4	238.03
6CD5	126.02 127.02 127.06 127.08
6CD7	482.02
6CDB	130.05
6CE1	390.02
6CE2	417.01
6CE3	41.02
6CE5	359.11 360.06
6CE8	95.08
6CEA	293.01
6CEF	344.01
6CF0	491.05
6CF3	641.06
6D0B	614.03
6D11	145.02
6D12	427.09
6D17	161.07
6D1E	579.06 580.01
6D24	119.03
6D25	74.04 79.07
6D29	176.05
6D2A	213.03
6D32	90.01
6D38	270.01
6D3B	214.01
6D3D	44.04 166.02
6D3E	379.04
6D3F	605.07
6D41	313.06 314.01
6D59	22.13
6D63	204.03
6D66	425.11
6D69	152.03
6D6A	288.06
6D6E	139.04 141.09
6D74	647.08
6D77	146.04
6D78	74.09 78.04
6D87	78.08
6D88	170.04
6D89	442.01
6D8C	641.08
6D8E	179.03 624.04
6D95	514.08
6D96	298.04
6D98	483.05
6DAE	466.07
6DAF	613.06
6DB2	621.03
6DB5	148.02
6DB6	533.05
6DB8	152.05 157.03
6DBC	300.06
6DBF	88.06
6DC0	522.06
6DC6	617.11
6DCB	309.04 310.10 322.09
6DCC	499.11
6DD1	462.05
6DD2	37.13
6DD8	504.02
6DDA	293.01
6DDE	478.07
6DE1	494.02
6DE4	642.02
6DE8	80.12
6DEA	322.05
6DEB	630.03
6DF1	443.03
6DF3	108.02
6DF5	649.07
6DF7	212.03
6DF9	622.05
6DFA	65.05
6DFB	524.02
6E05	82.02
6E1B	60.07
6E20	116.07
6E21	568.06
6E23	6.02
6E24	417.09
6E25	605.02
6E26	604.01
6E29	601.06
6E2B	176.05
6E2C	549.10
6E2D	601.02
6E2F	45.08
6E34	254.02
6E38	637.05
6E3A	340.02
6E3E	211.09 212.02
6E4A	556.02
6E4F	190.03
6E56	198.02
6E5B	12.11
6E67	641.08
6E6E	630.01
6E6F	498.08
6E7B	108.02
6E90	651.03
6E96	107.03
6E9C	313.03 315.05
6E9D	255.07
6E9F	345.06
6EA2	223.13
6EA5	426.08
6EAA	38.07 159.08
6EAF	470.09 472.07
6EB2	472.13
6EB7	212.04
6EBA	360.10 361.08
6EBB	487.06
6EBC	449.02
6EC5	340.12 341.01
6EC7	524.07
6ECB	584.07
6ED1	201.02 202.02
6ED3	585.05
6ED4	503.02
6ED9	210.03
6EEC	199.11
6EEF	71.08
6EF2	445.09
6EF4	509.07
6EF7	319.06
6EFA	636.02
6EFE	275.01
6EFF	329.09
6F01	643.02
6F02	406.02 406.06 406.09
6F06	38.06 116.01
6F0F	317.12 318.01
6F11	236.04
6F13	294.05
6F14	625.02 626.01
6F15	547.08
6F1A	372.01 372.12
6F20	348.09
6F22	148.08
6F23	306.08
6F24	287.02
6F29	192.08
6F2B	330.03
6F2C	587.03
6F31	464.08
6F32	16.02
6F38	58.09 61.04
6F3F	44.08
6F4E	408.01
6F51	420.04
6F54	54.13
6F58	382.02
6F5B..6F5C	65.04
6F64	233.07
6F66	290.04 290.06 303.05
6F6C	494.07
6F6D	495.10
6F6E	21.08
6F70	210.09 274.12
6F72	440.09
6F7C	582.04
6F80..6F81	431.08
6F84	30.06 508.04
6F86	48.09
6F87	290.06
6F88	23.10
6FA1	546.01
6FA3	204.03
6FA4	9.12 548.07
6FA5	175.09
6FB3	5.11 648.07
6FB9	494.02
6FC0	32.03
6FC1	88.10
6FC7	431.08
6FD5	449.02
6FD8	359.06
6FDB	336.04
6FDF	34.10 35.12
6FE0	150.09
6FE1	231.07
6FE4	503.05
6FEB	287.05
6FEF	89.01
6FF0	597.10
6FF1	412.03
6FF6	283.02
6FFA	62.02
6FFE	325.01
7006	569.05
7009	176.08
700B	445.03
7011	388.06 427.03
7015	412.03
701D	299.07
703E	286.07
704C	268.04
7051	427.09
7052	542.04
7058	494.07
7062	356.10
7063	591.05
706B	214.02
706F	507.02
7070	207.06
7074	212.06
7075	311.01
7076	546.08
7078	84.10
707C	440.03 470.04
707D..707E	537.04
7089	318.07
708A	106.03
708E	624.10
7092	21.11
7095	243.08
7099	71.09
70AB	193.09
70AD	497.01
70AE	385.05 389.07 390.03
70B0	385.05
70B3	414.07
70B7	95.09
70B8	6.10 7.02 7.09
70B9	521.01
70BA	596.09 599.05
70C8	305.08
70CF	605.10
70D5	340.12
70D6	537.04
70D8	212.06
70D9	290.07
70DB	94.05
70DD	28.05
70DF	622.02
70E4	245.07
70F9	397.05
70FD	137.09
7109	622.08
7119	392.05
711A	135.06
7121	606.01 607.01
7126	48.13
7130	627.09
7136	224.07
7145	572.05
7147	207.10
7149	308.04
714C	206.07
714D	52.13
714E	59.02
7151	95.04
7155	159.09
7156	355.05 356.06 368.01
7159	622.02
715E	433.07
7160	6.10
7164	333.05
7165	204.08
7167	20.08
7168	596.08
7169	128.05
716E	95.04
7173	198.03
7174	657.09
717D	434.08
7184	160.11
718A	189.06
718F	195.03
7193	609.06 611.04
719F	458.02 462.03
71A8	600.06 657.05
71AC	4.08 5.01
71B0	372.09
71B1	229.03 230.01
71BE	69.09
71C3	224.08
71C4	627.09
71C8	507.02
71C9	577.06
71CB	49.01
71CE	303.06 304.02 305.01
71D0	309.07
71D2	439.07
71D4	128.08
71D5	622.04 627.04
71D9	500.03
71DF	634.02
71E5	546.06
71E6	543.07
71EC	209.02
71ED	94.05
71FB	195.03
71FC	76.03
71FF	619.06 655.03
7206	388.07
720D	470.11
7210	318.07
7216	323.03
721B	287.04
7228	560.01
722A	20.02 99.10
722C	376.01
722D	27.07
7230	652.05
7232	596.09 597.01 599.05
7235	121.02
7236	143.03
7238	375.01
7239	518.04
723A	620.04
723B	618.01
723D	467.04
723E	125.04
723F	105.01
7240	104.08
7244	46.07
7246	47.01
7247	411.06
7248	380.06
724B	59.07
724C	378.06
7250	7.01
7252	518.08
7255	104.05
7256	640.03
7258	567.04
7259	612.03
725B	365.11 366.01
725D	413.02
725F	349.04
7261	349.08 350.11
7262	289.03
7267	352.02
7269	609.10 610.01
726F	259.08
7272	446.02
7278	587.02
7279	505.06 506.01
727D	63.09
7280	160.08
7281..7282	294.10
7284	32.12
7287	395.01
728D	59.11
7292	246.02
72A2	567.05
72A7	159.05
72AC	119.07
72AE	374.04
72AF	130.02
72B2	11.01
72B9	637.02
72C0	104.02
72C2	270.10 271.01
72C4	510.05
72CE	164.03
72D0	199.02
72D7	255.08
72E0	153.02
72E1	49.10
72E5	196.12
72EC	567.02
72F8	295.05
72F9	164.06
72FC	287.07
72FD	392.07
7316	16.11
731B	337.06
731C	539.03
731D	558.11
732A	93.02
732B	331.02
732C	596.04
732E	180.09
7334	157.08
7336	637.02
7337	637.03
733E	201.03
7343	1.10 488.11
7344	648.02
7345	449.04
734E	45.05
7368	567.02
7372	215.07
7375	306.04
7378	460.04
737A	488.04
737B	180.09
737E	203.02
7384	192.09
7387	325.03 466.03
7389	647.10 648.01
738B	594.03
738E	525.07
7396	84.07
739F	334.01
73A8	120.04
73A9	591.07 592.01
73AB	334.01
73B3	489.05
73B7	522.02
73BB	416.10
73C0	421.03
73C9	343.02
73CA	434.06
73CD..73CE	24.04
73DE	291.05
73E0	93.06
73E5	125.03
73EA	272.02
73ED	380.03
73FE	179.11 180.01 193.04
7403	86.11
7405	288.03
7406	295.13 296.01 324.03
7409	314.02
7422	89.02
7425	199.08
7428	275.08
7433	309.05
7434	77.04
7435	403.10
7436	374.01 375.08
7441	332.04 335.03
7447	489.05
7455	164.10
7459	357.05
745A	198.04
745B	633.01
745C	644.05
745E	233.02
745F	431.06 442.04
7460	314.02
7463	427.01
7464	617.05
7469	634.03
746A	327.02
746F	288.03
7470	273.05
747E	75.04
7483	294.01
7489	306.09
748B	15.03
74A7	401.10
74B0	203.05
74BD	162.03
74C8	294.01
74D4	633.06
74DC	263.07
74DE	519.03
74E0	199.04
74E2	406.05
74E3	381.06
74E4	225.03
74E6	590.02
74EE	603.10
74F6	416.05
74F7	587.08
750C	372.03
750E	101.01
7511	81.08 551.02
7515	603.10
7516	633.07
7518	238.01
751A	444.06 445.06
751C	524.03
751F	445.10 446.01
7522	13.12
7525	446.03
7526	474.01
7528	642.01
7529	466.02
752B	142.11
752C	641.10
752F	365.05 365.08
7530	524.04
7531	636.06
7532	43.03
7533	443.04
7537	354.07
7538	522.09
753B	201.07
753F	330.06 337.02
7544	314.04
7546	349.07 350.10
754A	248.03
754C	56.08
754F	600.08
7550	140.09
7554	383.02
7559	314.04
755A	395.06
755C	99.02 191.07
755D	349.07 350.10
7562	401.06
7565	304.05 325.10
7566	39.15
7567	304.05 325.10
756A	127.09
756B	201.07
7570	222.03
7571	314.04
7576	497.03 498.03
757A	44.10
757D	573.05
757E	292.10
757F	31.03 39.14
7583	573.05
7586	44.10
7587	92.06
758A	518.05
758B	404.05
758E..758F	461.03 473.12
7591	218.09
7592	361.03
7594	525.08
7599	250.01
759A	85.07
759D	436.09
75A3	638.01
75A4	373.08
75A5	56.06
75AB	223.02
75B1	390.04
75B2	403.07
75B3	238.04
75B4	255.02 370.01
75B5	587.05
75B9	25.02
75BC	508.09
75BE	33.12
75BF	133.12
75C4	7.10
75C5	414.10
75C7	28.11
75CA	118.06
75CD	218.07
75D2	615.04
75D4	71.04
75D5	152.09
75D8	534.03
75DB	583.02
75DC	569.10
75DE	404.07
75E0	475.07
75E2	297.06
75E3	70.07
75E7	432.05
75ED	396.08
75EE	15.10
75F0	495.03
75F2	326.07
75F4	72.03
75FA	402.05
75FF	598.08
7600	642.03
7601	561.07
7602	612.08
7609	647.02
760A	157.09
760B	137.02
760C	283.05
7613	204.09
761F	601.07
7620	34.03
7621	104.07
7624	314.06
7626	460.03
7627	369.04 619.07 655.11
7628	520.08
7629	483.11
7630	316.10
7634	16.07
7638	122.02
7640	205.06
7642	303.07
7646	289.02
7647	178.03
7648	134.03
764D	380.02
7656	404.04
765F	407.04
7661	72.03
7662	615.04
7664	54.06
7665	28.04
7667	299.08
7668	215.10
7669	285.05
766C	179.10 193.03
766E	631.04
7670	640.10
7671	494.08
7672	520.08
7676	419.15
7678	272.10
767B	506.06 507.01
767C	125.07 126.01
767D	376.06 377.01 417.10
767E	377.03 419.04
7681..7682	547.01
7683	332.05
7684	505.05 509.03 512.05
7686	54.02
7687	206.03
7688	272.05
768E	49.11
7693	152.04
7696	204.04
76A6	49.11
76AE	403.06
76B0	390.04
76B4	563.01
76B6	8.06
76B7	260.05
76BA	91.04
76BF	343.06
76C2	643.07
76C3	390.06
76C5	109.02
76C6	396.04
76C7	156.03
76C8	633.11
76CA	218.02
76CC	592.07
76CD	156.03
76D2	155.02
76D4	274.02
76D6	236.01
76D7	502.03
76DB	29.10 448.04
76DC	502.03
76DE	12.03
76DF	336.09
76E1	76.02
76E3	59.01 62.04
76E4	382.04
76E5	268.12
76E7	318.05
76EA	498.05 500.04
76EE	351.03
76F2	330.07
76F4	67.06
76F8	167.02 169.10
76F9	576.07
76FB	163.07
76FC	382.07
76FE	577.04
7701	185.06 447.07
7707	340.03
7708	492.03
7709	333.02
770B	240.01 241.02
771E..771F	24.01
7720	341.07
7728	7.05 12.02
7729	193.01
772F	338.06
7735	72.02
7736	271.08
7737	118.02
7738	349.05
773C	625.01
773E	110.04
7740	19.09 19.03 22.03 88.07
774F	276.03
7756	293.07
7758	88.01
775A	3.01
775B	78.11
775C	27.09
7761	468.02
7763	566.04
7765	402.06
7766	352.03
7767	211.06
776A	221.09
776B	57.01
776C	541.03
7779	568.01
777F	233.04
7785	92.08
778B	26.01
778C	253.03
778E	163.11
7791	345.07
7798	256.10
779E	329.01
779F	406.07
77A0	508.06
77A5	408.02
77A7	52.02
77AA	508.06
77AC	469.04
77AD	304.03
77B0	240.10
77B3	582.05
77B6	210.11 274.14
77BB	11.11
77BD	260.06
77BF	114.03 116.05
77C1	92.08
77C7	336.08
77D9	240.10
77DB	331.05
77DC	79.12
77DE	649.04
77E2	453.05 457.02
77E3	220.04
77E5	65.11 66.01 69.05
77E9	113.04
77EC	554.05
77ED	572.02
77EE	2.03
77EF	50.08
77F0	550.07
77F3	452.05 493.09
77F8	148.10
7802	432.08
7807	343.02
780C	41.07
780D	240.07
7812	403.02
7814	624.07
7823	532.06
7825	69.01
7826	10.05
782D	408.08
7830	397.08
7832	390.05
7834	420.09 421.01
7838	537.01
7843	93.07
785D	170.05
786B	314.03
786C	634.08 635.01
786F	626.13
787C	397.11
787E	105.10
7881	39.05
788C	320.07
788D	2.09
788E	477.02
7891	391.03
7893	574.05
7897	592.07
789F	518.09
78A1	569.07
78A3	54.11
78A7	402.08
78A9	457.07 471.02
78AF	357.05
78B0	398.06
78BA	122.05
78BC	327.03
78C1	587.08
78C5	384.07
78C7	403.02
78CA	292.13
78CB	554.02
78D0	382.03
78D2	657.01
78D5	253.02
78DA	101.01
78E1	241.04
78E3	26.14
78E8	346.06 348.05
78EA	561.01
78EC	83.08
78EF	31.02
78F4	508.05
78FA	205.07
7901	49.02
790E	98.08
7919	2.09
7926	271.04 278.08
792A	298.07
792C	129.03
792E	390.05
7935	467.03
7936	268.05
793A..793B	455.05
793C	296.05
793E	441.10
7940	482.07
7947	39.10
7948	39.09
7949	68.10
7950	639.11
7955	339.03 400.05
7956	557.05
795A	553.05
795C	199.14
795D	96.04
795E	444.08
795F	477.06
7960	588.01
7965	168.04
7967	517.02
7968	406.08
796D	35.06
797F	320.08
7980	414.08
7981	74.06 76.04
7982	501.06
798D	215.05
798E	28.02
798F	140.11
79A6	648.05
79A7	162.02
79AA	13.09 435.06
79AE	296.05
79B1	501.06
79B3	225.01
79B8	231.01
79B9	646.01
79BA	643.09
79BB	294.04 294.08
79BD	77.07
79BE	154.05
79BF	569.08
79C0	188.04
79C1	480.03
79C6	238.10
79C8	177.05
79C9	414.09
79CB	86.01
79D0	656.03
79D1	252.09
79D2	340.04
79D4	79.06 248.02
79D5	399.06
79D8	339.03 400.05
79DF	556.04
79E4	29.04 30.09
79E6	77.11
79E7	613.10
79E9	71.01
79EB	462.08
79F8	54.05
79FB	218.10
7A00	159.02
7A05	468.03
7A08	238.10
7A09	79.06 248.02
7A0B	30.01
7A0D	439.05
7A14	227.05
7A17	378.03
7A1A	71.02
7A1C	293.04
7A1F	310.04
7A20	92.03
7A2D	54.05
7A2E	109.07 110.03
7A31	29.03
7A3B	502.04
7A3C	42.01
7A3D	32.13 40.05
7A3E..7A3F	244.07
7A40	260.03
7A45	243.02
7A46	352.04
7A49	71.02
7A4C	473.10
7A4D	31.12
7A4E	634.07
7A57	477.03
7A61	431.09
7A62	209.09 600.09
7A64	367.02
7A69	602.04
7A6A	29.03
7A74	195.02
7A76	83.10
7A79	87.11
7A7A	279.05 280.02
7A7D	80.04
7A7F	101.10 102.01
7A81	571.06
7A83	57.11
7A84	10.02 548.08
7A88	618.05
7A8A	589.11
7A92	70.02
7A93	104.05
7A95	517.08
7A96	51.05
7A97	104.05
7A98	87.07
7A9F	262.06
7AA0	252.12 604.06
7AA8	632.03
7AA9	604.02
7AAA	589.07
7AAE	87.12
7AAF..7AB0	617.06
7AB3	646.03
7AB4	524.05
7AB5	516.06
7ABA	274.03
7ABB	104.05
7ABF	323.10
7AC4	559.11
7AC5	53.04
7AC6	87.12
7AC7	534.10
7AC8	546.08
7ACA	57.11
7ACB	297.10 298.01
7AD2	38.11
7AD9	12.05
7ADA	96.10
7ADD	415.01
7ADF	81.02
7AE0	14.11
7AE2	483.04
7AE3	123.08 562.08
7AE5	582.03
7AE6	479.01
7AEA	464.02
7AED	54.12
7AEF	571.09 572.01
7AF6	81.06
7AF9	94.02
7AFA	96.08
7AFD	643.08
7AFF	238.07
7B06	373.09
7B0A	20.11
7B0B	478.01
7B11	172.03
7B19	446.04
7B1B	510.03
7B1E	72.07
7B20	298.02
7B24	517.05
7B25	483.01
7B26	141.10
7B28	395.07
7B2C	512.04
7B38	420.08
7B46	399.02
7B49	507.05 508.01
7B4B	74.08
7B4D	478.01
7B4F	127.04
7B50	270.07
7B52	582.01
7B53	33.02
7B54	483.09 484.01
7B56	549.06
7B60	656.07
7B6D	475.09
7B6E	450.05
7B6F	96.06
7B72	439.06
7B75	624.05
7B77	266.02
7B87	251.08
7B8B	59.07
7B8D	259.05
7B8F	27.10
7B92	90.10 99.03
7B94	419.09
7B95	31.09 39.06
7B97	475.09
7B9A	6.12
7B9B	259.05
7BA1	267.06 268.01
7BAB	171.01
7BAC	230.03
7BAD	62.09
7BB1	167.04
7BB4	24.02
7BB8	96.06
7BC0	54.08 55.10
7BC4	130.04
7BC6	101.09
7BC7	411.01
7BC9	94.03
7BCB	58.05
7BD9	244.02
7BE1	559.13
7BE4	568.04
7BE6	401.03
7BE9	433.09
7BF1	294.06
7BF4	510.03
7BF7	397.13
7BFE	341.03 362.07
7C00	549.03
7C07	558.08
7C0D	317.10
7C0F	320.04
7C21	60.06
7C27	206.01
7C2A	541.08
7C37	624.08
7C38	419.01 419.07
7C3D	63.07
7C3E	307.08
7C3F	424.07 425.01
7C43	286.01
7C4C	92.07
7C4D	33.10 36.07
7C50	508.10
7C5F	285.06
7C60	323.04
7C64	64.01
7C6C	294.07
7C6E	316.02
7C72	648.08 655.07
7C73	338.05
7C7C	177.05
7C7D	585.01
7C83	399.06
7C86	432.06
7C89	136.01
7C92	298.03
7C95	421.04
7C97	557.10 558.01
7C98	11.06 363.03
7C9F	475.03
7CA5	90.05
7CA6	309.07
7CA7	103.07
7CAE	301.02
7CB1	300.08
7CB2	543.11
7CB3	79.06 248.02
7CB9	561.08
7CBD	565.03
7CBE	79.01
7CC9	565.03
7CCA	198.05
7CD3	260.03
7CD5	244.05
7CD6	499.08
7CD7	87.05
7CD9	547.03
7CDC	338.04
7CDE	136.07
7CDF	545.04
7CE0	243.02
7CE1	46.04
7CE2	346.03
7CE7	301.02
7CEF	367.02
7CF0	573.04
7CF4	510.07
7CF6	518.02
7CF8	339.07
7CFA	84.05
7CFB	163.02
7CFE	84.05
7D00	34.07 35.02
7D02	91.06
7D04	653.06 654.01
7D05	212.09
7D07	250.02
7D08	592.04
7D09	227.02 227.09
7D0A	603.05
7D0B	602.02
7D0D	353.04
7D13	461.05
7D14	108.01
7D17	432.07
7D19	68.02
7D1A	33.05
7D1B	135.03
7D1F	74.03
7D20	472.05 474.05
7D21	131.10
7D22	471.03 471.09 472.03
7D25	5.14 536.05
7D2B	585.02
7D2C	92.04
7D2E	5.14 536.05
7D2F	292.01 292.06 292.14
7D30	162.07
7D33	444.02
7D39	440.10
7D42	109.05
7D43	178.08
7D44	557.06
7D46	381.04
7D4F	176.06
7D50	53.08 54.09 55.11
7D55	120.07
7D56	270.05
7D5B	503.03
7D5E	49.12
7D61	291.06 290.08
7D63	397.01
7D66	34.08 246.04
7D68	234.09
7D6E	191.10
7D71	582.07
7D72	480.07 481.01
7D73	46.01
7D79	118.03
7D81	383.09
7D89	188.03
7D8F	476.01
7D91	276.01
7D93	78.09
7D9C	565.04
7DA0	320.09 325.02
7DA2	92.04
7DAB	180.03
7DAD	597.09
7DB1	242.02
7DB2	595.02
7DB4	106.01
7DB5	541.04
7DB8	322.06
7DB9	315.03
7DBB	13.01
7DBD	21.05 89.08
7DBE	312.06
7DBF	341.06
7DC3	564.06
7DCA	74.10 75.01
7DCB	132.06
7DD6	191.11
7DD8	59.08
7DDA	180.03
7DDC	341.06
7DDD	41.05
7DDE	573.01
7DE0	512.08
7DE3	651.04
7DE5	387.03
7DE8	408.06
7DE9	204.02
7DEF	598.11 600.02
7DF2	340.03
7DF4	308.05
7DFB	70.03
7E08	234.06
7E09	76.09
7E0A	224.01
7E0B	105.08
7E10	91.05
7E1A	503.03
7E1B	142.01
7E23	180.07
7E2B	138.04 138.07
7E2E	471.04
7E2F	632.05
7E31	565.02
7E32	292.07
7E34	65.08
7E37	324.07
7E3D	564.07
7E3E	31.13
7E41	128.07
7E45	430.05
7E46	345.09
7E47	638.03
7E48	45.09
7E4B	162.08
7E50	477.04
7E54	67.01
7E55	436.01
7E56	429.03
7E59	128.01
7E5A	303.08
7E5E	225.10
7E61	188.03
7E69	447.06
7E6A	209.05
7E6B	35.09
7E6D	60.08
7E6E	45.02 242.05
7E73	50.06
7E78	477.05
7E79	221.10
7E7C	36.13
7E82	559.04
7E8A	270.05
7E8C	191.05
7E8D	292.04
7E8F	13.07
7E94	539.04 540.01
7E96	177.08
7E9B	567.01 570.06
7E9C	287.01
7F36	139.06
7F38	242.04
7F3A	122.01
7F3B	139.06
7F3E	416.05
7F43	633.07
7F44	83.09
7F45	166.04
7F47	562.02
7F48	495.11
7F4B	603.10
7F4C	633.07
7F50	268.05
7F51	595.01
7F54	595.01
7F55	148.04
7F57	315.10
7F59	443.02
7F5F	260.02
7F63	264.05
7F69	20.05
7F6A	560.06
7F6E	70.05
7F70	127.03
7F72	462.11
7F75	327.06
7F77	375.03
7F85	315.10 316.01
7F88	33.01
7F8A	614.01
7F8C	46.12
7F8E	334.03
7F94	244.04
7F97	46.12
7F9A	311.04
7F9E	187.04
7FA1	181.01
7FA3..7FA4	124.02
7FA8	181.01
7FA9	221.13 222.01
7FB2	159.04
7FB4	435.01
7FB6	435.01
7FB8	292.05
7FB9	248.04
7FBD	645.08
7FC1	603.08
7FC4..7FC5	73.06
7FCC	224.04
7FCE	311.07
7FCF	303.10
7FD2	160.12 161.01
7FD4	168.05
7FD5	163.08
7FDF	10.01 510.06
7FE0	561.09
7FE1	133.09
7FE9	411.02
7FF0	149.05
7FF3	216.06
7FF9	52.07
7FFB	128.02
7FFC	22.04
8000	619.06 655.03
8001	289.06 290.01
8003	245.05
8004	332.08
8005	22.08
8006	39.13
800B	519.01
800C	125.01
800D	465.05
8010	354.04
8011	101.02 571.08
8012	292.08
8015	79.08 248.03
8017	152.02
8018	656.03
8019	375.02 376.02
8026	372.07
8028	367.04
8033	125.02
8036	612.06 620.02
8037	483.10
803F	248.08
8046	311.05
804A	303.12
8052	263.04 280.07 283.01
8056	447.08 448.01
8058	413.03 416.09
805A	114.01
805E	601.08 603.03
8066	565.06
806F	307.06
8070	565.06
8072	446.05 447.01
8073	478.10
8076	362.05
8077	67.11 69.10
807D	527.03 528.12
807E	323.05
807F	649.05
8084	223.12
8085	475.02
8086	481.06 482.10
8087	21.01
8089	231.02 232.04
808B	293.03
808C	32.05
8090	249.06
8093	205.04
8096	173.02
8098	90.11
8099	649.10
809A	568.03 569.01
809B	242.06
809D	238.08
80A1	260.10
80A2	66.12
80A5	133.04
80A7	393.06 403.05
80A8	384.08
80A9	58.07
80AC	638.01
80AF	247.04
80B1	213.05 278.05
80B2	647.04
80B3	602.05
80BA	134.04
80C3	601.01
80C4	91.03
80C6	493.01
80CC	390.07 391.06 397.01
80CE	490.06
80D1	71.10
80D6	385.02
80D7	25.02
80D9	553.06
80DA	393.06 403.05
80DE	385.06 389.02
80E1	198.01
80E5	190.08
80ED	622.03
80EF	264.09
80F0	218.08
80F1	270.02
80F3	249.06
80F7..80F8	189.03
80FD	359.01
8102	66.05
8103	561.04
8105	174.03
8106	561.04
8107	174.03
8108..8109	328.04 348.06
810A	34.02
8116	418.08
8117	344.02 603.01
811A	49.06 120.06
811B	80.10 186.08
8123	107.07
8129	187.02
812B	531.07 533.02
812C	389.03
812F	142.13
8139	15.10
813E	403.09
8146	525.01
8149	536.06
814A	284.06
814B	621.04
814C	1.02 4.05
814E	445.08
8150	142.07
8151	142.06
8153	133.05
8154	46.10
8155	593.04
8165	184.05
8166	357.06
816B	109.08
816E	428.01
8170	616.05
8173	49.06 120.06
8178	18.02
8179	143.01
817F	575.03
8182	324.05
8186	474.06
8188	250.09
818A	418.05
818F	244.03 245.02
819A	140.03
819B	499.03
819C	349.01
819D	160.05
81A0	48.07
81A8	398.03
81A9	361.02
81B3	436.02
81BA	632.08
81BD	493.01
81BF	359.03 369.08
81C0	578.01
81C1	307.09
81C2	392.10
81C6	221.04
81C7	559.04 559.09
81C8	284.06
81C9	308.03
81CA	430.02 431.01
81CC	260.07
81CD	39.02
81D5	405.02
81D8	284.06
81D9	622.03
81DA	318.08
81DF	544.05
81E0	325.06
81E3	26.05
81E4	58.10
81E5	604.08
81E7	544.01
81E8	309.02 310.08
81EA	585.06 586.01
81EC	362.09
81ED	93.01 188.06
81F3	69.11
81F4	69.12 70.01
81FA	490.08
81FB	24.12
81FC	85.01
81FD	180.04
81FE	644.13
8200	590.06 618.03
8201	644.12
8202	103.08 111.03
8204	163.10
8205	85.03
8207	644.07 645.06
8208	184.06 186.04
8209	113.05
820A	85.02
820C	441.04
820D	441.08
8210	453.09
8212	461.06
8214	524.10
8216	426.10 427.01
8218	268.02
821B	103.01
821C	469.03
821E	609.07
821F	90.06
8221	102.03
822A	149.10
822C	379.05
8235	531.01
8236	417.07
8239	102.03
8247	528.11
8251	410.07
8258	473.01
8259	544.09
8262	47.02
8266	62.06
826A	319.03
826E	247.02
826F	301.03
8271	58.12
8272	431.05 433.11
8276	628.06
8278	547.09
827E	2.10
828B	649.02
828D	440.04 470.05
8292	330.08
8294	210.08
8299	140.07
829D	66.07
829F	435.02
82A5	56.07
82A6	318.09
82A8	32.07
82A9	78.02
82AB	624.11 650.04
82AC	135.04
82AD	373.10
82B1	200.01
82B3	131.04
82B8	656.04
82B9	77.10
82BB	98.02
82BD	612.04
82D1	653.05
82D4	490.07
82D7	339.09
82DB	154.04 253.05
82DC	351.04
82DF	255.09
82E1..82E2	219.08
82E5	230.02
82E6	262.08
82E7	96.11
82EB	11.07 436.06
82F1	632.10 633.01
8302	332.06
8304	57.07
8305	331.06
8309	348.04
8317	345.01
8328	588.04
832B	330.09
8332	584.05
8334	208.05
8335	629.02
8336	8.09
8339	231.04
8345	483.06
8346	79.10
8349	547.09 548.01
8350	62.10
8352	205.02
8354	297.09
8363	234.05
8373	534.04
8377	155.06
8378	399.01
837C	570.04
837D	476.02
8385	298.04
8389	297.07
838A	103.05
8396	78.10
83A0	639.04
83A2	43.10
83AB	348.07 351.05
83BD	330.11
83BF	588.09
83C1	78.12
83C7	258.07
83CA	113.01
83D0	426.09
83D1	537.04
83D3	281.02
83D6	17.01
83DC	541.06
83E0	417.02
83E2	388.02
83E9	426.03
83EF	200.02 200.04 201.05
83F1	312.07
83F2	133.01 133.10
83F8	622.02
83FD	465.03
8403	561.10
8404	504.03
840A	285.03
840C	337.01
840D	416.02
840E	596.06
842C	593.03
8435	604.03
843D	284.05 290.09 291.07 316.12
8441	45.01
8449	441.09 621.06
8457	19.09 22.02 22.03 88.08 96.05
845A	24.10 228.05 444.07
845B	251.05 251.07
8461	426.01
8462	236.01
8463	578.05 579.01
8466	598.12
846B	198.06
846C	544.06
846D	42.14
846F	619.03 654.06
8471	565.08
8475	274.06
8477	211.01
847A	41.06
8482	512.09
8490	473.04
8499	336.03 336.06 337.04
849C	475.10
849E	298.04
84A6	215.06
84AD	98.02
84B2	426.02
84B8	28.05
84BA	33.13
84BC	544.10
84BF	150.01
84C4	191.08
84C6	161.03
84C9	234.03
84CB	236.01
84D1	471.08
84EC	398.01
84EE	307.01
84FA	222.06
84FF	191.12 475.01
8511	341.02
8513	329.03 593.05
8514	417.06
8517	21.13
851A	600.07 648.10
8521	541.07
8523	45.07
852B	623.01
852C	461.04 473.13
852D	632.04
852F	26.10
8532	258.02
8534	326.05
853D	400.09
8543	128.09
8549	49.03
854A..854B	233.01
854E	52.06
8550	200.04
8559	210.02
8569	498.06
856A	607.02
856D	171.02
8584	386.03 418.06
8585	150.02
8587	598.03
858A	37.02
8591	45.01
8593	444.03
8594	47.03
8599	514.09
859B	194.02
85A6	62.10
85A9	427.06
85AA	182.03
85AF	462.12
85B0	195.05
85C9	33.09 56.02
85CA	408.11
85CD	286.02
85CF	544.04 544.12 545.01
85D0	340.05
85D5	372.08
85DC	295.01
85DD	222.06
85E4	508.10
85E5	619.03 654.06
85E6	346.07
85E9	129.01
85EA	473.08
85FB	546.02
8606	318.09
8607	473.11
860A	658.01
8611	346.07
862D	286.08
8638	12.09
863F	316.03
864D	199.06
864E	199.07
8650	369.03
8652	10.06
8654	65.01
8655	98.09 99.01
865B	189.07 190.01
865C	316.08 319.04
865E	644.11
865F	150.03 151.04 152.01
8667	273.08 274.01
866B	111.06
8671	450.04
8679	46.03 213.01 242.09
867A	208.07
867C	252.03
868A	602.03
868C	384.06 397.02
8695	543.03
86A3	277.03
86A4	546.04
86A9	72.04
86AA	533.12
86AF	86.06
86B1	7.03
86BB	6.09
86C0	95.10
86C4	258.08
86C6	116.04
86C7	441.06
86C9	311.06
86CB	493.08
86CC	258.08
86D0	115.07
86D4	208.04
86D9	589.08
86DB	93.08
86DF	48.01
86E4	145.07 251.03
86FE	370.04
8700	463.04
8702	138.01
8707	22.07
8708	607.07
870A	295.02
870B	288.04
8713	528.04
8718	66.02
871C	339.04
8721	6.06 284.07
8722	337.07
8728	518.10
873B	79.02
874C	252.10
8755	452.03
8757	206.08
8758	626.08
8759	408.07
875F	596.04
8760	141.01
8763	637.06
8766	145.08 156.05 164.01
8768	450.04
876E	142.03
8771	337.03
8774	198.07
8776	518.10 520.02
8778	263.08
877B	355.06
8782	288.04
8783	384.10
8784	449.05
8786	589.04
878D	234.10
8799	569.06
879E	327.04 327.07
87A2	634.04
87A5	544.11
87AB	22.02 457.03
87B3	499.04
87BA	316.06
87BB	317.07
87C0	472.10
87C6	326.04 346.04
87C8	280.06
87D2	331.01
87E0	382.06
87E3	34.05
87EC	13.10
87EE	436.03
87F2	111.06
87F9	176.01
87FA	436.03
87FB	220.05
87FE	13.11
8805	633.12
8806	11.03
880D	173.06
880F	176.01
8813	337.05
881F	284.07
8821	297.03
8822	108.05
8823	298.08
8827	569.06
8831	261.05
8836	543.03
883B	329.08
8840	175.04 195.01
8845	184.02
8846	110.04
8847	348.06
884A	341.04
884C	149.11 184.08 185.01 186.03
884D	626.04
8852	193.10
8853	464.03
8855	583.03
8857	53.06
8859	612.05
885A	198.08
885B	600.03
885D	111.02
885E	600.03
8861	153.07
8862	116.06
8863	216.02 221.06
8864	216.02
8868	405.07
8869	9.04
886B	434.04
8870	465.07
8872	353.05
8877	109.03
887E	78.01
887F	74.03
8881	652.02
8882	335.02
888B	489.06
888D	389.08
8892	496.05
8896	188.02
88AB	391.05
88B1	141.04
88B4	263.01
88B7	43.01
88C1	540.03
88C2	305.09
88C9	247.09
88CC	43.01
88CF	296.02
88D4	216.04
88D5	647.09
88D8	87.01
88D9	124.01
88DC	423.03
88DD	103.04
88E0	124.01
88E1	296.02
88E8	393.02
88F1	405.09
88F3	436.12
88F4	394.02
88F8	316.09
88F9	281.03
88FD	70.10
8902	264.04
8903	247.09
8907	145.03
8912	386.02
8913	387.03
8919	392.02
891F	487.06
8921	483.08
8925	232.05
8926	284.10 354.06
892A	578.02
892B	72.08
892F	56.11
8931	202.03
8932	263.01
8933	307.02
893B	176.03
8941	45.09
8943	386.02
8944	168.01
894C	492.02
894D	536.08
8956	5.05
895F	74.07
8960	497.04
8962	496.05
8964	286.03
896A	590.04
896F	27.02
8972	161.06
8975	22.10
897B	383.04
897E	166.05
897F	158.04
8981	616.04 618.08 619.01
8983	495.09
8986	141.11 144.07
898B	61.01
898C	267.01
898F	271.09
8993..8994	339.05
8996	455.06
89A1	37.06
89A5	525.03
89A9	568.01
89AA	77.01 83.05
89AF	256.05
89B2	75.05
89B7	117.02
89BA	49.07 50.10 120.05
89BD	286.11
89BF	510.08
89C0	267.01 268.06
89D2	48.10 49.09 120.08
89D4	73.11
89D5	557.10
89DA	259.04
89E3	55.09 56.03 175.07
89E7	55.09
89EB	475.06
89ED	38.14
89F4	437.05
89F8	89.11 99.04
8A00	623.02 650.02
8A02	526.05
8A03	144.03
8A07	212.08
8A08	35.10
8A0A	183.06 196.10
8A0E	504.05
8A10	55.06
8A13	196.06
8A15	436.10
8A16	40.10
8A17	532.02
8A18	35.03
8A1B	370.07
8A1D	613.01
8A1F	479.03
8A23	121.01
8A25	367.03
8A29	189.04
8A2A	132.01
8A2D	442.03
8A31	190.12
8A34	474.07 478.04
8A3A	24.05
8A3B	96.01
8A3C	28.12
8A46	511.03
8A48	300.03
8A4B	90.12
8A4E	114.11
8A50	7.04 7.11
8A54	20.07
8A55	416.03
8A5B	557.07
8A5E	588.02
8A60	641.05
8A61	191.02
8A62	196.04
8A63	223.09
8A66	454.06 455.01
8A67	8.11
8A69	448.05
8A6B	9.01
8A6D	272.07
8A6E	118.07
8A70	56.13
8A71	201.04
8A72	235.04
8A73	168.06
8A7C	207.08
8A7E	189.04
8A84	292.09
8A85	93.09
8A86	270.08
8A87	264.07
8A8C	70.08
8A8D	227.10 228.01
8A91	270.09
8A93	456.04
8A95	493.10 494.01
8A98	640.01
8A9A	53.02
8A9E	221.07 645.05 646.05
8AA0	29.11
8AA1	56.10
8AA3	605.09
8AA4	610.06
8AA5	245.03
8AA6	479.05
8AA7	426.05
8AA8	208.10
8AA9	81.06
8AAA	468.04 469.05 470.01
8AB0	442.08 467.06
8AB2	254.05
8ABC	218.04
8ABF	516.02 517.04
8AC2	14.02
8AC4	107.02
8AC7	495.04
8AC9	598.09
8ACA	113.02
8ACB	83.02
8ACD	27.11
8ACF	555.04
8AD2	302.08
8AD6	322.07 322.11
8ADB	645.01
8ADE	411.05
8AE0	192.03
8AE1	457.05
8AE6	513.01
8AE7	174.07
8AEB	62.11
8AED	647.03
8AEE	583.05
8AF1	210.07
8AF3	3.08
8AF7	138.06
8AF8	93.03
8AFA	628.05
8AFC	192.05
8AFE	366.10
8B00	349.03
8B01	621.11
8B02	601.03
8B04	508.11
8B05	90.07 555.03
8B0A	206.12
8B0C	249.02
8B0E	338.02
8B14	369.05
8B17	384.03
8B19	63.08
8B1A	457.05
8B1B	45.04
8B1D	175.06
8B20	617.07
8B28	347.01 350.05
8B2B	9.08 548.10
8B2C	340.09 366.04
8B33	372.04
8B39	75.06
8B3E	329.04
8B41	200.05
8B49	28.12
8B4C	370.07
8B4E	121.11
8B4F	31.04
8B56	543.04
8B58	451.03
8B59	53.02
8B5A	496.01
8B66	80.06
8B6B	11.10
8B6C	404.10
8B6D	209.03
8B6F	221.11
8B70	222.02
8B77	199.09
8B7D	644.08 648.03
8B80	534.06 567.06
8B8A	409.03
8B8C	627.07
8B8E	92.01
8B90	92.01
8B92	543.05
8B93	225.07
8B96	14.06
8B9A	542.05
8B9C	498.02
8B9E	628.07
8B9F	534.07 567.07
8C37	260.11
8C41	213.10
8C46	534.02
8C47	44.06
8C48	40.02
8C4A	296.04
8C4B	506.06
8C4C	591.03
8C4E	464.02
8C50	137.04
8C53..8C54	628.06
8C55	453.06
8C56	94.07
8C5A	577.10
8C61	169.04
8C66	113.08
8C6A	150.06
8C6B	646.08
8C6C	93.02
8C78	10.07
8C79	388.08
8C7A	11.01
8C82	515.09
8C87	247.03
8C8C	332.05
8C8D	295.05
8C93	331.02
8C9B	203.02
8C9D	392.06
8C9E	24.06
8CA0	144.05
8CA1	540.04
8CA2	279.03
8CA7	412.09
8CA8	215.02
8CA9	129.07
8CAA	494.09 495.01
8CAB	268.09
8CAC	9.13 549.05
8CAF	96.12
8CB2	584.02
8CB3	125.06
8CB4	272.12 273.01
8CB6	409.01
8CB7	327.09 328.01
8CB8	489.07
8CBA	207.05 271.06
8CBC	519.05 520.05
8CBD	219.03
8CBF	332.07
8CC0	156.12
8CC1	395.04 402.09
8CC2	320.13
8CC3	310.09
8CC4	210.04
8CC5	235.05
8CC7	583.08 584.01
8CC8	43.04 261.02
8CCA	548.04 550.01
8CCD	544.02
8CD1	25.06
8CD2	441.01
8CD3	411.10
8CD4	411.11
8CD9	90.03
8CDA	285.07
8CDC	588.07
8CDE	437.08
8CE0	393.09
8CE2	178.06
8CE3	328.02
8CE4	62.01
8CE6	145.04
8CEA	70.11
8CEB	32.14
8CEC	16.01
8CED	568.02
8CF4	285.04
8CF8	448.02
8CFA	101.04 559.05
8CFC	256.06
8CFD	428.04
8D03	101.04
8D04	71.06
8D05	105.09
8D08	551.03
8D0A	542.03
8D0B	628.02
8D0D	436.11
8D0F	634.05
8D12	178.06
8D13	544.02
8D16	462.06
8D17	628.02
8D1B	239.08 279.04
8D1C	544.02
8D39	134.01
8D64	73.05
8D66	442.02
8D67	356.01
8D6B	156.09
8D6D	22.09
8D70	555.05
8D74	144.04
8D76	238.11
8D77	40.01
8D81..8D82	27.03
8D84	58.02
8D85	21.02
8D8A	654.08 655.01
8D8B	116.02
8D92	518.01
8D94	306.01
8D95	238.11 239.01
8D99	20.10
8D9D	363.07
8DA3	116.11
8DA8	116.02
8DAE	546.07
8DAF	655.04
8DB2	542.02
8DB3	556.05 558.04
8DB4	375.07 375.09
8DB5	388.09 418.10
8DB7	250.03
8DBE	68.11
8DBF	427.07
8DCB	374.06 419.10
8DCC	518.03 537.03
8DCE	532.07
8DD0	11.02 541.05 588.06
8DD1	389.10 390.01
8DD5	519.04 520.12
8DD9	58.02
8DDB	419.02
8DDD	115.01
8DDF	246.06 247.01
8DE1	36.03
8DE4	48.02
8DE5	531.04
8DE8	264.10
8DE9	100.02
8DEA	273.03
8DEF	319.08
8DF3	518.01
8DF4	541.05
8E09	287.06 287.08 301.04
8E0A	641.12
8E0F	488.05
8E10	61.09
8E12	604.05
8E1C	293.05
8E1D	202.05
8E1E	114.07
8E21	119.06
8E22	513.06
8E26	32.12 38.13
8E2A	564.04
8E30	644.06
8E35	109.09
8E39	100.07
8E42	230.07
8E44	514.01
8E45	6.04 8.14
8E47	60.09
8E48	502.05
8E49	554.03
8E4B	488.01
8E4C	46.07
8E4D	364.02
8E4F	514.01
8E59	558.10
8E5D	162.05
8E5F	36.03
8E64	564.04
8E67	545.05
8E6C	507.03
8E6D	551.06
8E72	576.01
8E74	558.09
8E76	121.08
8E77	121.08 121.13
8E7A..8E7B	51.10
8E81	546.07
8E82	488.09
8E87	98.06
8E89	576.08
8E8B	32.11
8E8D	655.04
8E90	306.05
8E94	13.08
8E95	97.05
8E98	323.07
8EA5	559.12
8EA6	558.12
8EAB	442.09 443.01
8EAC	278.03
8EAD	492.03
8EB2	530.04
8EB3	278.03
8EB4	287.09
8EB6	316.09
8EB7	2.03
8EBA	500.01
8EBF	243.03
8EC0	115.04
8EC6	514.03
8ECA	23.04
8ECB	613.03
8ECC	272.08
8ECD	123.04
8ED2	192.04
8ED4	228.02
8EDB	371.05
8EDF	232.08
8EF0	392.08
8EF2	259.01
8EF8	90.09
8EFB	253.06
8F03	49.13 50.12
8F09	538.01 539.02
8F12	23.01
8F13	593.02
8F14	142.14
8F15	81.09
8F19	23.01
8F1B	302.05
8F1C	584.08
8F1D	207.10
8F25	275.02
8F26	363.08
8F29	392.08
8F2A	322.08
8F2D	232.08
8F2F	36.11
8F33	556.03
8F35	252.05
8F38	461.07
8F3B	141.02
8F3E	11.14 364.03
8F42	259.01 260.04
8F44	164.05
8F45	652.04
8F46	320.05
8F47	48.08
8F49	101.03 101.06
8F4D	22.06 23.11
8F4E	51.03
8F55	252.05
8F5D	644.09
8F5F	212.07
8F61	394.07
8F64	318.10
8F9B	182.04
8F9C	258.10
8F9E	587.06
8F9F	401.08 404.08
8FA0	560.06
8FA3	284.04
8FA4	587.06
8FA6	381.05
8FA8	409.04
8FAD	587.06
8FAE	409.05
8FAF	381.07 409.06 410.01
8FB0	26.03
8FB1	231.08 232.01
8FB2	359.02 368.05
8FB5..8FB6	89.07
8FB9	408.04
8FC1	63.04
8FC2	642.04
8FC4	40.09
8FC5	183.07 196.11
8FC7	282.02
8FCE	633.10
8FD1	75.13 76.01
8FD3	613.02
8FD4	129.05
8FD5	611.03
8FD8	146.03 203.06
8FD9	22.11
8FDC	652.09
8FE5	87.10
8FE6	42.09
8FE8	490.05
8FEA	510.04
8FEB	421.05
8FED	518.11
8FEF	503.10
8FF0	464.04
8FF4	208.06
8FF7	338.01
8FF8	397.03
8FF9	36.03
8FFB	218.10
8FFD	105.04
9000	575.04
9001	479.02
9003	503.10 504.01
9004	138.03
9006	360.08
900B	421.11
900D	170.06
900F	536.02
9010	94.04
9013	512.06
9014	570.05
9015	80.11
9017	534.05
9019	22.11 23.14
901A	580.02
901B	270.04
901D	456.05
901E	30.08
901F	474.04
9020	546.05
9023	306.06
9029	396.02
902E	490.05 513.03
9031	90.04
9032	75.11
9038	223.08
903C	398.07
903E	644.06
903F	500.04 500.06
9041	577.05
9042	476.08
9047	646.07
904A	637.07
904B	657.04
904D	410.02 411.08
904E	282.02
904F	371.11
9050	164.11
9051	206.09
9053	501.02 502.02
9054	484.02
9055	597.05
9059	617.08
905B	313.04 314.07 315.06
905C	196.07
905E	512.06
9060	652.09 653.02
9063	65.06
9069	456.09 457.01 513.02
906D	545.05
906E	21.14
906F	577.07
9072	72.14
9074	309.08
9075	562.03
9076	225.10
9077	63.04
9078	193.02
907A	219.01 601.04
907C	303.09
907D	113.11
907F	401.11 402.01
9080	616.09
9081	328.05
9084	146.03 203.06
9087	125.05
9088	347.03
908A	408.04
908B	284.02
908F	316.04
9091	223.07
9095	640.07
90A3	358.01 358.02 366.08
90A6	383.05
90A8	562.09
90AA	173.08 174.01
90B1	86.07
90B8	511.04
90C7	196.05
90CA	48.03
90DD	151.02 157.01
90DE	287.10
90E1	123.10
90E8	424.06
90ED	280.05 281.05
90F5	636.08 637.01
90FD	533.07 566.02
9102	5.12 371.10
9115	166.07 167.01
9119	402.02
9127	508.07
912D	29.02
9130	310.01
9131	420.06
9146	137.05
9149	84.06 639.03
914A	525.09
914B	84.06
914C	19.06 88.09
914D	394.03
9152	84.08
9156	25.09
9161	532.08
9163	147.08
9165	474.02
9167	91.09
9169	345.02
916C	91.09
9175	51.02
9177	263.02
9178	475.08
9183	622.06
9185	393.07
9187	108.03
9189	560.04
918B	558.03
9192	185.05
919C	92.09
91A1	7.11
91A9	545.04
91AA	289.05
91AB	217.01
91AC	45.11
91AD	422.02
91AE	49.04
91BA	195.06
91BB	91.09
91C0	361.06
91C1	184.02
91C5	628.01
91C6	410.06
91C7	540.07
91C9	640.05
91CB	456.03
91CC	295.10
91CD	110.02 111.04
91CE	620.06
91CF	301.01 302.06
91D0	295.08
91D1	74.01
91D8	525.10 527.01
91DC	142.09
91DD	24.03
91E3	516.03
91E6	257.05
91E7	103.03
91EC	149.04
91F5	10.12
9200	375.02 376.02
920D	576.12
920E	255.06
9210	64.02
9214	21.12
9215	366.03
921E	123.02
9234	311.08
9238	419.11
923F	522.10
9244	519.07
9248	532.06
924B	388.03 389.04
924F	98.04
9257	65.03
925B	63.03
925E	654.07
9262	417.08
9264	255.06
9278	48.04 49.14 50.01
927F	252.06
9280	630.02
9281	123.02
9283	111.08
9285	582.02
9293	118.08
9295	519.07
9298	345.03
929A	516.05
929C	179.02
92AC	246.03
92B2	149.04
92B3	233.03
92B7	170.07
92B9	188.05
92BC	555.02
92CF	42.04
92D1	59.09
92D2	138.02
92DF	64.04
92E4	98.04
92E9	330.10
92EA	425.04 427.02
92F8	114.08
92FC	242.03
9301	254.06 281.04
9304	320.10
9310	105.06
9318	106.09
931A	27.12
931B	395.03
9320	526.04
9322	64.06
9326	75.09
9328	331.07
932B	161.04
932E	262.02
932F	554.08
934A	308.06
934B	280.04
934D	568.07
935B	572.05
9364	8.12
936B..936C	51.08
9371	621.07
9375	61.08
9378	198.09
937C	24.03
937E	109.06
938A	385.01 384.04
938C	308.01
9392	367.04
9394	234.04
9396	472.02
9397	46.08
9399	470.08 472.08
939A	106.06
93A6	315.07
93A7	237.04
93AD	25.03
93C3	557.01
93C7	193.08
93C8	307.03 308.07
93CA	5.08
93DC	499.01
93DD	329.05 330.04
93DF	14.01
93E1	81.04
93E4	318.03
93E8	542.06
93F4	319.10
93F5	200.06
93FD	188.05
9403	357.02
940B	500.05
9410	305.02
9418	109.04
9419	508.08
942B	59.09
942E	308.01
9432	88.11
9435	519.07 520.01
9436	203.07
9438	530.01
943A	497.05
9444	96.07
944A	215.08
9451..9452	62.07
945B	271.04 278.08
945E	284.09
9460	471.01
9463	405.03
946A	318.11
9470	619.04 655.06
9471	13.03
9472	168.02
9475	268.07
9477	362.06
947C	316.05
947D	558.13 559.01 559.02 559.07
947E	321.04
947F	545.06 553.07
9577	15.05 17.07
9580	335.06 336.01
9582	466.06
9583	435.03
9586	624.12
9589	401.05
958B	236.06 237.01
958F	233.06
9591	179.04
9592	177.10 178.01
9593	58.08 61.03
9594	343.04
9598	6.11
9599	357.07
95A2	266.06
95A3	250.08
95A4	155.03 251.04
95A5	127.05
95A8	272.03
95A9	343.03
95AB	276.02
95AD	324.02
95B1	655.09
95B6	17.02
95B9	622.07
95BB	624.12
95BD	211.07
95CA	283.02
95CC	286.04
95D4	156.04
95D5	122.09
95D6	105.03
95D7	266.06
95DC	266.06
95E1	14.03 435.07
95E2	404.11
95E5	488.10
95E8	335.06
961C..961D	139.07
9621	63.02
9628	371.04
962E	232.09 650.05 652.10
9631	80.04
9632	131.07
9633	615.01
963B	557.08
963F	1.01 1.03 1.04 1.05 369.06
9640	532.09
9642	420.02
9644	144.01
964B	318.02
964C	349.02
964D	46.02 168.07
9650	180.08
965B	401.04
965C	164.06
965D	435.04
965E	447.04
965F	71.05
9661	534.01
9662	653.03
9663	25.08
9664	97.06 98.01
966A	394.01
9670	629.03
9673	26.09
9675	312.08
9676	504.04
9677	180.05 193.06
9678	315.04 320.12
967D	615.01
9682	629.03
9684	509.06
9685	644.01
9686	323.09
968A	574.04
968B	476.06
968D	206.10
968E	54.04
968F	476.07
9690	631.03
9694	54.10 250.10 251.01 252.02
9695	657.01
9696	609.04
9698	2.11
9699	163.04
969B	35.07
969C	16.08
96A0	631.03
96A3	310.01
96AA	179.08
96AE	32.11
96B2	167.05
96B6	490.04
96B7..96B8	299.10
96B9	105.05
96BB	66.03
96BC	469.01 478.03
96BE	355.04
96C0	52.08 122.06
96C1	628.03
96C4	189.05
96C5	612.10
96C6	33.08
96C7	261.06
96C9	71.03
96CC	588.03
96CD	640.07
96D5	515.05
96D6	476.05
96D9	466.08 467.05
96DA	268.03
96DB	98.03
96DC	536.08
96DE	31.06
96E2	294.08
96E3	355.04 356.03
96E8	645.02 646.04
96EA	194.06
96F2	656.05
96F6	311.09 312.01
96F7	292.02
96F9	386.04
96FB	521.03
9700	190.05
9703	26.08
9704	170.08
9706	528.09
9707	25.07
9708	394.06
9709	334.02
970E	433.05
9711	11.08
9713	360.03
9716	309.06
971C	467.01
971D	310.12
971E	164.12
9727	610.03
9730	181.04
9732	317.11 320.01
9738	375.04
9739	402.11
973D	35.13
9742	299.09
9748	311.01
9751	82.01
9756	81.07
975B	522.07
975C	81.01
975E	132.03
9760	246.01
9761	338.07
9762	342.06
9766	525.03
9769	251.02
976A	527.02
9774	194.01
9776	374.09
977F	619.08
978B	173.07
978D	3.03
978F	278.09
9798	53.03
979D	15.07
97A0	113.03 114.02
97A6	86.03 636.03
97AB	113.02
97AD	408.05
97B5	173.07
97BD	51.11
97BE	194.01
97C1	45.02 242.05
97C2	14.09
97C3	484.03
97C6	63.05
97C9	59.10
97CB	597.02
97D2	53.03
97DC	503.04
97DE	658.02
97ED..97EE	84.11
97F1	63.11
97F3	629.04
97F5	657.07
97F6	440.05
97FB	657.07
97FF	168.10
9801	621.10
9802	525.11 526.01
9803	82.07 83.03
9805	170.01
9806	469.02
9807	147.06
9808	190.03
980B	261.07
980C	479.04
9810	646.08
9811	592.02
9812	380.05
9813	577.02
9817	420.03
9818	312.09
9824	219.04
9826	146.01 252.08
982D	535.02
9830	42.05 166.03
9834	634.07
9837	148.05
9838	80.07 248.05
983B	412.10
983C	285.04
983D	575.02
9846	253.01
984B	428.01
984C	513.08
984D	370.06
9854	623.04
9855	179.07
9856	184.01 186.07
9858	652.11 653.01
9859	429.10
985B	520.10
985E	293.02
9862	328.06
9867	261.07
986B	12.10 14.04
986F	179.07
9874	119.02
98A8	136.08 137.01
98B3	263.05
98BA	615.02
98BB	617.09
98BC	473.02
98C0	314.08
98C4	406.03
98DB	133.02
98DF	452.02
98E2	31.05
98E4	483.03
98E9	577.01
98EA	227.06
98ED	73.07
98EE	631.05
98EF	129.08 130.01
98F2	632.02
98FC	483.03
98FD	386.05
98FE	456.06
9902	524.10
9905	414.04
9909	169.02
990A	615.03 616.02
9910	542.07
9911	417.05
9913	370.10
9918	643.04
9919	456.06
991A	617.13
991B	212.01
991C	272.09
991E	62.03
9921	180.06
9927	600.10
9928	268.02
992A	368.02
992B	212.01
992E	520.03
9939	499.08
993B	244.05
993D	274.11
993F	473.03
9945	329.06
9948	187.05
9949	75.07
994B	274.11
994C	101.08
994D	436.02
9951	31.05
9952	225.08
9955	503.07
9957	169.01
995C	627.03
995D	346.08
995E	13.05
9996	458.04 459.01 460.06
9999	166.06
99A8	182.06 184.07
99AC	326.08 327.01
99AD	646.04
99AE	138.05 416.07
99B1	530.09 532.11
99B3	72.13
99B4	195.09
99BF	324.01
99C1	418.07
99D0	96.02
99D1	367.07
99D2	112.03
99D4	544.03 545.02
99D5	43.06
99DB	453.03
99DD	532.10
99DF	482.03
99E2	410.05 411.04
99E6	509.01
99ED	147.04 176.07
99EE	418.07
99F1	291.08 317.01
99FF	123.09
9A0D	254.07
9A0E	38.15
9A10	627.01
9A19	411.09
9A2D	67.05
9A30	509.01
9A32	548.02
9A37	430.04
9A38	436.05
9A3E	316.07
9A45	115.05
9A55	48.12
9A57	627.01
9A5A	79.09
9A5B	221.12
9A5F	556.01
9A62	324.01
9A69	203.03
9AA8	259.06 260.08
9AAF	4.05
9AB0	433.12
9AB8	146.02 174.09
9ABD	575.03
9AC8	384.01
9ACF	317.08
9AD1	262.07
9AD2	543.12
9AD3	476.09
9AD8	243.10 244.01
9AD9	243.10
9ADE	431.02
9ADF	405.06
9AEB	517.06
9AED	584.03
9AEE	127.07
9AEF	224.09
9AFB	32.09
9AFD	99.09
9B00	514.06
9B02	412.07
9B03	564.05
9B06	478.08
9B0D	198.10
9B12	25.01
9B1A	190.04
9B1F	203.08
9B22	412.07
9B23	306.03
9B25	534.08
9B27	357.07
9B28	213.09
9B29	163.09
9B2A	534.09
9B2C	534.09
9B2E	84.02
9B2F	19.02
9B31	648.11
9B32	300.04
9B3B	649.01
9B3C	272.06
9B41	274.07
9B42	211.08
9B43	374.07 419.12
9B44	421.06
9B45	334.08
9B4D	595.03
9B4E	302.03
9B4F	600.11
9B51	72.09
9B54	346.09
9B58	626.09
9B5A	642.05 643.01
9B66	432.09
9B6F	319.02
9B81	375.06
9B8E	363.04
9BAE	177.02 179.09
9BC9	296.03
9BCA	432.09
9BD7	169.03
9BE8	79.04 82.08
9BFD	36.02
9C09	206.11
9C0D	86.04
9C10	371.07
9C15	164.01
9C25	267.05
9C32	5.04
9C3E	406.01
9C49	407.02
9C51	206.11
9C53..9C54	435.08
9C57	310.02
9C77	371.07
9C78	318.12
9CE5	361.07
9CE9	83.11
9CEE	31.06
9CF3	139.02
9CF4	345.04
9CF6	649.09
9D06	25.09
9D08	628.03
9D09	611.07
9D12	312.02
9D1B	649.08
9D1E	171.03
9D1F	72.06
9D23	258.09
9D26	613.11
9D28	611.09
9D30	263.06
9D3B	213.02
9D3F	250.04
9D40	228.04
9D5C	514.02
9D5D	370.05
9D60	261.04
9D61	609.03
9D6A	3.07
9D6C	397.12
9D70	515.06
9D72	52.11 122.03
9D89	108.04
9D98	199.01
9DAF	633.09
9DB4	150.05 156.13
9DB5	98.03
9DBD	469.01 478.03
9DC0	587.09
9DC2	619.09
9DC4	31.06
9DD3	22.01
9DD7	372.05
9DD9	71.07
9DE5	481.03
9DE9	18.06
9DF4	179.05
9DF9	632.09
9DFA	320.02
9E0E	633.09
9E15	319.01
9E1A	633.08
9E1B	268.08
9E1D	295.09
9E1E	321.05
9E75	319.05
9E79	178.05
9E7B..9E7C	60.03
9E7D	623.03
9E7F	320.03
9E80	636.05
9E85	389.09
9E88	95.03
9E90	310.03
9E92	39.07
9E97	294.03 299.11
9E9D	442.06
9E9E	15.04
9E9F	310.03
9EA4	557.10
9EA5	328.03
9EA9	140.01
9EAB	342.07
9EAF	115.08
9EB4	115.08
9EB5	342.07
9EBB	326.05
9EBD	325.11 346.01
9EBE	208.01
9EC3	205.05
9ECC	213.07
9ECD	463.02
9ECE	295.03
9ECF	363.05
9ED1	152.07 156.08
9ED4	64.03
9ED8	347.05
9EDB	489.08
9EDC	89.12 99.05
9EDE	521.01
9EE7	295.04
9EE8	498.01
9EF9	69.03
9EFD	344.03
9EFF	651.01
9F03	589.08
9F08	407.02
9F09	533.01
9F0E	526.02
9F13..9F14	260.05
9F15	580.03
9F20	463.03
9F2B	457.08
9F2C	640.06
9F3B	398.08
9F3E	147.07
9F41	157.04
9F48	359.04 369.09
9F49	356.11
9F4A	9.10 39.01
9F4B	9.10
9F4E	32.14
9F4F	32.10
9F50	39.01
9F52	73.03
9F59	385.07
9F5C	584.04
9F5F	113.06
9F61	312.03
9F63	97.03
9F66	247.08
9F69	618.02
9F6A	558.06
9F77	605.03
9F8D	323.01
9F90	384.11
9F95	240.04
9F9C	272.04
9FA0	655.05
9FA1	106.02
9FA2	154.06
9FA5	648.08 655.07
20094	585.03
2009D	110.04
200A2	379.03
200A4	573.07
202A7	415.02
20503	160.01
20509	119.04
205A5	111.07
206B9	435.02
206BA	433.08
2073C	43.11
207B0	50.02
20A7A	295.06
20B1B	347.06
20B36	76.11
20BD7	536.04
20CBF	464.07
20F3B	31.10
21014	319.09
210D6	291.02
21219	638.02
215D7	398.04
21681	400.08
21731	36.04
217BE	358.04
21A04	164.13
21BA6	545.03 547.06
21C46	463.01
21C95	514.05
21ED5	477.01
21FFA	357.03
22091	454.04
22136	200.03
22156	307.08
2219E	60.10
223F3	396.10
22638	45.13
2272B	184.04
2272C	530.07
22738	356.12
22833	407.01
22835	18.05
2298F	540.02
22B46	91.07
22C62	472.09
22CB7	472.12
22DA3	518.06
23012	111.10
233B4	576.06
2353C	238.07
23AA0	35.08
2418D	73.05
241FE	635.03
24360	229.03
24364	15.02
243B1	559.04 559.09
243F2	19.10
24514	321.07
2456D	44.07
2456F	44.08
24605	611.06
24618	257.02
24BAD	14.08
24E93	406.10
25055	601.05
25081	623.03
25134	194.05
25275	327.05
252CC	427.08
254FF	532.06
2579B	531.03
25874	37.05
25B2F	245.08
26007	78.09
26246	8.08 9.06
26407	487.04
26675	593.04
267E4	187.05
2696F	194.03
27039	21.13
272CD	22.07
27602	111.02
27701	433.01
27D2A	471.11
27D73	441.05
27DB6	129.07
27E16	101.04
27F2E	498.09
27F4D	520.09
280DE..280DF	382.05
282EF	100.03
28329	500.04
28452	570.02
28E1A	33.05
28E2C	25.08
28EF2	166.04
29517	293.02
2956D	236.02
29707	117.06
29760	87.06
29811	525.11
299A2	644.11
29A18	249.06
2A0FF	249.03
2A3D9	206.02
2A502	526.02
2A599	157.04
2A848	418.01
2BF6E	497.06
2C037	437.02
2C19B	357.08
2C461	92.08
2C498	183.04
2C6F8	361.09
2CCF2	014.07
2D016	295.08
2F835	207.06
