3402	1,14,03
3406	2,01,13
342C	2,01,18
342E	2,01,19
3468	2,01,62
346A	2,01,54
3492	2,01,94
34B5	1,14,51
34BC	2,03,11
34C1	2,84,72
34C7	2,03,15
34DB	1,14,59
351F	2,03,40
355D	2,03,61
355E	2,03,62
3563	2,03,65
356E	2,03,71
35A6	2,04,03
35A8	2,04,06
35C5	2,04,15
35DA	2,04,24
35F4	2,04,34
3605	2,04,42
364A	2,04,89
3691	2,05,31
3696	2,05,35
3699	2,05,33
36CF	2,05,55
3761	2,08,03
3762	2,08,05
376B	2,08,09
376C	2,08,08
3775	2,08,12
378D	1,47,63
37C1	2,08,30
37E2	1,47,79
37E8	2,08,54
37F4	2,08,57
37FD	2,08,60
3800	2,08,62
382F	2,08,79
3836	2,08,81
3840	2,08,84
385C	2,08,89
3861	2,08,91
38FA	2,12,27
3917	2,12,38
391A	2,12,42
396F	2,12,64
3A6E	2,13,59
3A73	2,13,63
3AD6	2,13,81
3AD7	2,14,22
3AEA	2,13,92
3B0E	2,14,14
3B1A	2,14,18
3B1C	2,14,20
3B22	1,85,41
3B6D	2,14,77
3B77	2,14,69
3B87	2,15,08
3B88	2,15,09
3B8D	2,15,12
3BA4	2,15,20
3BB6	1,85,94
3BC3	1,86,01
3BCD	2,15,40
3BF0	2,15,61
3C0F	1,86,26
3C26	2,15,87
3CC3	2,78,27
3CD2	2,78,34
3D11	2,78,81
3D1E	2,78,94
3D64	2,79,32
3D9A	2,79,52
3DC0	2,79,80
3DD4	2,79,87
3E05	2,80,08
3E3F	1,87,70
3E60	2,80,31
3E66	2,80,33
3E68	2,80,34
3E83	2,80,41
3E94	2,80,48
3F57	2,81,20
3F72	1,88,45
3F75	2,81,38
3F77	2,81,40
3FAE	2,81,60
3FC9	2,81,71
3FD7	2,81,76
4039	2,82,02
4058	2,82,13
4093	2,82,25
4105	2,82,68
4148	2,82,84
414F	2,82,87
4163	2,82,93
41B4	2,83,19
41BF	2,83,23
41E6	2,83,39
41EE	2,83,43
41F3	2,83,40
4207	2,83,51
420E	2,83,55
4264	1,89,77
42C6	2,84,11
42D6	2,84,22
42DD	2,84,27
4302	2,84,46
432B	2,84,61
4343	2,84,65
43EE	2,85,30
43F0	2,85,34
4408	2,85,40
4417	2,85,42
441C	2,85,44
4422	2,85,47
4453	1,90,57
445B	1,90,58
4476	2,85,76
447A	2,85,78
4491	2,85,87
44B3	2,86,21
44BE	2,86,18
44D4	2,86,20
4508	2,86,57
450D	2,86,52
4525	2,86,77
4543	2,86,78
459D	1,91,49
45B8	2,87,47
45E5	2,87,76
45EA	1,91,64
460F	2,88,04
4641	2,88,26
4665	2,88,35
46A1	2,88,46
46AF	2,88,51
470C	2,88,75
4764	2,89,09
47FD	2,89,31
4816	2,89,41
4844	1,92,43
484E	2,89,60
48B5	2,90,07
49B0	1,93,56
49E7	2,91,74
49FA	2,91,80
4A04	2,91,85
4A29	2,91,88
4ABC	2,92,23
4B3B	2,92,53
4BC2	2,93,06
4BCA	2,93,08
4BD2	2,93,10
4BE8	2,93,17
4C17	1,94,30
4C20	2,93,31
4CC4	2,94,10
4CD1	2,94,13
4D07	2,94,43
4D77	2,94,64
4E02	2,01,02
4E0F	2,01,03
4E12	2,01,04
4E28	1,14,04
4E29	2,01,05
4E2B	2,01,06
4E2C	2,80,14
4E2E	2,01,07
4E2F	1,14,05
4E30	1,14,06
4E40	2,01,08
4E47	2,01,09
4E48	2,01,10
4E51	2,01,12
4E5A	2,01,15
4E69	2,01,16
4E8D	1,14,07
4E9D	2,01,17
4EB9	2,01,20
4EBB	2,01,21
4EBC	2,01,23
4EC3	2,01,24
4EC8	2,01,25
4ED0	2,01,26
4EDA	2,01,28
4EE1	1,14,08
4EEB	2,01,27
4EF1	2,01,29
4EF5	2,01,30
4EFD	1,14,09
4EFF	1,14,10
4F00	2,01,31
4F03	1,14,11
4F0B	1,14,12
4F16	2,01,32
4F37	2,01,34
4F3E	2,01,35
4F48	1,14,14
4F49	1,14,15
4F54	2,01,36
4F56	1,14,16
4F58	2,01,37
4F5F	1,14,17
4F60	1,14,13
4F64	2,01,33
4F6A	1,14,18
4F6C	1,14,19
4F77	2,01,39
4F78	2,01,40
4F7A	2,01,41
4F7D	2,01,42
4F7E	1,14,20
4F82	2,01,43
4F85	2,01,44
4F8A	1,14,21
4F92	2,01,45
4F94	1,14,22
4F97	1,14,23
4F9A	2,01,46
4FB2	2,01,48
4FBE	2,01,49
4FC5	2,01,50
4FC9	1,14,25
4FCB	2,01,51
4FCF	2,01,52
4FD2	2,01,53
4FE0	1,14,26
4FE6	2,01,47
4FF1	1,14,1
4FF2	2,01,55
5000	2,01,56
5001	1,14,27
5002	1,14,28
500E	1,14,29
5010	2,01,57
5013	2,01,58
5018	1,14,30
501C	2,01,59
501E	2,01,60
5022	2,01,61
5027	1,14,31
502E	1,14,32
503B	1,14,34
5040	1,14,33
5041	1,14,35
5042	2,01,63
5046	2,01,64
504E	2,01,65
5053	2,01,66
5057	2,01,67
5063	2,01,68
5066	2,01,69
506A	2,01,70
5070	2,01,71
5088	2,01,73
5092	2,01,74
5093	2,01,75
5094	1,14,36
5095	2,01,76
5096	2,01,77
509C	2,01,78
50A3	2,01,72
50AA	2,01,79
50B1	2,01,81
50BA	2,01,82
50BB	2,01,83
50C4	2,01,84
50C7	2,01,85
50CC	1,14,37
50CE	2,01,88
50D0	1,14,39
50D4	2,01,90
50D9	2,01,91
50E1	2,01,92
50E6	1,14,40
50E9	2,01,93
50F2	1,14,38
50F3	2,01,86
5103	1,14,43
5106	1,14,42
5108	2,03,01
510B	1,14,44
5117	2,03,03
511B	2,03,04
511E	1,14,45
5135	1,14,46
514A	1,14,47
5155	1,14,49
5157	1,14,50
5160	2,03,06
5173	2,03,08
517B	2,84,84
5183	2,03,09
518B	2,03,10
5198	2,03,12
519D	1,14,52
51A3	2,03,13
51AD	2,03,14
51BC	2,03,16
51C3	1,14,53
51CA	1,14,54
51DE	1,14,55
51E2	1,14,56
51EE	1,14,57
51F3	2,03,19
51F4	2,03,20
5201	1,14,58
5202	2,03,21
5212	2,03,22
5213	1,14,60
5215	1,14,61
5216	2,03,23
5249	1,14,62
5255	2,03,25
5257	1,14,63
525C	2,03,26
525D	1,15,94
5261	1,14,64
526C	2,03,27
5277	2,03,28
5282	2,03,30
5284	2,03,29
5293	1,14,65
5298	2,03,32
52A4	2,03,34
52A6	2,03,35
52AF	2,03,36
52BA	2,03,37
52BB	2,03,38
52C8	1,14,66
52CA	2,03,39
52CC	1,14,68
52D0	1,14,69
52D1	2,03,41
52D6	1,14,70
52DB	1,14,71
52F0	1,14,73
52F7	2,03,43
52FB	1,14,74
5300	1,14,75
5307	1,14,76
530A	2,03,44
530B	2,03,45
531C	1,14,77
5324	2,03,46
5335	2,03,47
533E	2,03,48
5342	2,03,49
5361	1,14,79
5363	1,14,80
5367	2,03,52
536C	2,03,53
537A	2,03,54
537D	1,14,81
5393	1,14,82
539D	1,14,83
53A4	2,03,55
53B2	1,14,84
53B4	2,03,56
53B7	2,03,58
53C0	2,03,59
53D5	2,03,63
53DA	2,03,64
53F4	2,03,66
53F5	2,03,67
5412	1,14,85
541E	1,47,94
5424	2,03,69
5427	1,14,86
5428	2,03,70
5443	2,03,72
544D	1,14,87
5455	2,03,68
5462	2,03,73
5466	2,03,74
546B	1,14,89
546C	2,03,75
5474	1,14,90
547F	1,14,91
5488	1,14,92
548A	2,03,76
548D	2,03,77
5495	2,03,78
5496	1,14,93
549C	1,14,88
54A0	2,03,79
54A1	1,14,94
54A6	2,03,80
54A9	1,15,01
54AD	2,03,81
54AE	2,03,82
54B7	2,03,83
54BA	2,03,84
54BF	2,03,85
54C3	2,03,86
54C6	1,15,02
54EC	2,03,88
54EF	2,03,89
54F1	2,03,90
54F3	2,03,91
54FF	1,15,03
5500	2,03,92
5501	2,03,93
5509	2,03,94
550E	1,15,04
552B	1,15,05
5535	1,15,06
553C	2,04,01
5541	2,04,02
5547	2,04,04
554A	2,04,05
5550	1,15,07
555E	1,15,08
5560	2,04,07
5561	2,04,08
5564	2,04,09
557D	2,04,11
5581	1,15,09
5582	2,04,12
5586	1,15,10
5588	2,04,13
558E	1,15,11
5591	2,04,14
55AD	1,15,13
55BF	2,04,19
55C9	2,04,20
55CC	2,04,21
55CE	1,15,14
55D1	2,04,22
55D2	2,04,16
55DD	2,04,23
55E2	2,04,25
55E9	2,04,27
5607	2,04,30
5608	1,15,16
560E	1,15,17
5610	2,04,31
5628	2,04,28
5630	2,04,32
5637	2,04,33
563B	1,15,18
563D	2,04,35
563F	2,04,36
5640	2,04,37
5647	2,04,38
5649	1,15,19
5653	1,84,7
565E	2,04,39
5660	2,04,40
5666	1,15,21
566D	2,04,41
566F	1,15,23
5671	1,15,24
5672	1,15,25
5676	1,15,20
5688	2,04,43
568C	2,04,44
5695	2,04,45
5699	1,15,26
569A	2,04,46
569D	2,04,47
569E	1,15,27
56A8	2,04,48
56A9	1,15,28
56AC	1,15,29
56AD	2,04,49
56B2	2,04,50
56B3	1,15,30
56C5	2,04,51
56C9	1,15,31
56CA	1,15,32
56CD	2,04,52
56DF	2,04,53
56E8	2,04,54
56F6	2,04,55
56F7	2,04,56
570A	1,15,33
5715	2,04,58
5721	1,15,35
5723	2,04,59
5729	2,04,61
572F	1,15,36
5733	1,15,37
5734	1,15,38
5745	2,04,63
5746	2,04,64
574C	2,04,65
574D	2,04,66
5768	2,04,68
576F	2,04,69
5770	1,15,39
5773	2,04,70
5774	2,04,71
5775	2,04,72
5777	1,15,40
577B	2,04,73
577C	1,15,41
579A	2,04,77
579C	1,15,42
579D	2,04,78
579E	2,04,79
57A8	2,04,80
57AC	2,04,76
57B8	1,15,45
57C7	1,15,46
57C8	1,15,47
57CC	2,04,83
57CF	1,15,48
57D7	2,04,81
57DE	2,04,86
57E4	1,15,49
57E6	2,04,87
57ED	1,15,50
57F0	2,04,88
57F5	1,15,51
57F6	1,15,52
57F8	2,04,90
57FB	2,04,91
57FD	2,04,92
57FF	1,15,53
5804	2,04,93
5809	1,15,54
581E	2,04,94
5820	2,05,01
5827	2,05,02
5832	2,05,03
5839	2,05,04
5849	2,05,06
584C	2,05,07
5861	1,15,56
5864	1,15,57
5867	2,05,08
587C	1,15,59
5889	1,15,60
588A	2,05,09
588B	2,05,10
588D	2,05,11
588F	2,05,12
5890	2,05,13
5894	2,05,14
589D	2,05,15
589E	1,15,61
58A9	1,15,63
58AA	2,05,16
58B1	2,05,17
58C3	2,05,19
58CD	2,05,20
58CE	1,15,66
58D2	1,15,65
58D4	1,15,67
58DA	1,15,68
58E0	1,15,69
58E2	2,05,21
58E9	1,15,70
58F3	2,05,22
58F4	2,05,23
5905	2,05,24
5906	2,05,25
590B	2,05,26
590C	1,15,71
590D	2,05,27
5914	2,05,28
5924	2,05,29
593D	2,05,32
5946	2,05,34
595B	2,05,37
595D	1,15,73
595F	2,05,38
596D	1,15,74
5975	2,05,40
5976	2,05,41
597C	2,05,42
598B	1,15,75
5992	1,15,76
599F	2,05,43
59A4	1,15,77
59AE	2,05,44
59BC	2,05,45
59C3	1,15,78
59C8	2,05,46
59CD	2,05,47
59D2	1,15,79
59DD	1,15,80
59DE	2,05,48
59E3	2,05,49
59E4	2,05,50
59E7	2,05,51
59EE	2,05,52
59F8	1,94,90
5A0C	2,05,56
5A0D	2,05,57
5A13	1,15,81
5A17	2,05,58
5A23	1,15,82
5A27	2,05,59
5A2D	2,05,60
5A55	2,05,61
5A65	2,05,62
5A67	1,15,83
5A6D	1,15,84
5A77	1,15,85
5A7A	2,05,63
5A7E	1,15,86
5A84	1,15,87
5A8B	2,05,64
5A9C	2,05,65
5A9E	1,15,88
5A9F	2,05,66
5AA0	2,05,67
5AA2	2,05,68
5AA7	1,15,89
5AB1	2,05,69
5AB3	2,05,70
5AB5	2,05,71
5ABA	2,05,72
5ABF	2,05,73
5AC4	1,15,90
5ADA	2,05,74
5ADC	2,05,75
5AE0	2,05,76
5AE5	2,05,77
5AEE	2,05,79
5AF0	2,05,78
5AF5	2,05,80
5B00	2,05,81
5B08	2,05,82
5B17	2,05,83
5B19	1,15,92
5B25	1,15,93
5B2D	2,05,85
5B34	2,05,84
5B41	1,47,53
5B4C	2,05,86
5B52	2,05,87
5B56	1,47,54
5B68	2,05,88
5B6F	2,05,89
5B7C	2,05,90
5B7D	1,47,55
5B7F	2,05,91
5B81	2,05,92
5B84	2,05,93
5B93	1,47,56
5B96	2,08,01
5BAC	2,08,02
5BC0	2,08,04
5BCE	2,08,06
5BD6	2,08,07
5BD8	1,47,57
5BEC	1,47,58
5BF1	2,08,10
5BFD	2,08,11
5C03	2,08,13
5C12	1,47,59
5C1E	1,47,60
5C23	1,47,61
5C29	2,08,14
5C2B	1,47,62
5C30	2,08,15
5C5B	1,94,91
5C5F	2,08,17
5C62	1,47,64
5C63	2,08,18
5C67	2,08,19
5C68	2,08,20
5C69	2,08,21
5C70	2,08,22
5C7A	1,47,68
5C7C	2,08,25
5C88	2,08,28
5C8A	2,08,29
5C8F	1,47,69
5C9F	1,47,70
5CA0	2,08,33
5CA2	2,08,34
5CA3	1,47,71
5CA6	2,08,35
5CA7	2,08,36
5CAA	1,47,72
5CAD	2,08,38
5CB5	2,08,39
5CBA	1,47,73
5CC9	2,08,41
5CCB	1,47,74
5CD0	1,47,75
5CD2	1,47,76
5CF4	1,47,77
5D06	2,08,44
5D0D	1,47,80
5D10	2,08,45
5D1D	2,08,47
5D20	2,08,48
5D24	2,08,49
5D26	2,08,50
5D27	1,47,81
5D2B	2,08,46
5D31	2,08,51
5D39	2,08,52
5D42	2,08,53
5D46	1,47,83
5D47	1,47,84
5D4A	1,47,86
5D53	1,47,85
5D61	2,08,55
5D6A	2,08,56
5D6D	1,47,87
5D70	2,08,58
5D81	1,47,88
5D88	2,08,61
5D92	2,08,63
5D94	2,08,64
5D97	2,08,65
5D99	2,08,66
5DA0	1,47,89
5DA4	1,47,90
5DA7	1,47,91
5DB0	2,08,67
5DB2	2,08,68
5DB4	2,08,69
5DB8	1,47,92
5DB9	2,08,71
5DCB	1,47,93
5DD1	2,08,72
5DD7	2,08,73
5DD8	2,08,74
5DE0	2,08,75
5DE2	1,84,08
5DE4	2,08,77
5DE9	2,08,78
5E00	2,08,80
5E12	2,08,82
5E14	1,84,09
5E15	2,08,83
5E18	1,84,10
5E1F	2,08,85
5E2E	2,08,86
5E3E	2,08,87
5E49	2,08,88
5E56	2,08,90
5E58	1,84,11
5E5E	1,84,12
5E6B	2,08,92
5E6C	2,08,93
5E6D	2,08,94
5E6E	2,12,01
5E77	1,94,92
5EA5	2,12,03
5EAA	2,12,04
5EAC	2,12,05
5EB9	2,12,06
5EBE	1,84,13
5EBF	2,12,07
5EC6	2,12,08
5ECB	1,84,15
5ED2	2,12,09
5ED9	2,12,10
5EF9	1,84,16
5EFD	2,12,12
5F00	1,84,17
5F02	1,84,18
5F07	1,84,19
5F08	2,12,13
5F0E	2,12,14
5F1C	2,12,15
5F1D	1,84,20
5F1E	2,12,17
5F23	1,84,21
5F34	1,84,22
5F36	1,84,23
5F3D	1,84,24
5F40	1,84,25
5F45	1,84,26
5F47	2,12,18
5F54	1,84,27
5F58	1,84,28
5F63	2,12,19
5F64	1,84,29
5F67	1,84,30
5F72	2,12,20
5F7D	1,84,31
5F7E	2,12,21
5F89	1,84,32
5F8F	2,12,22
5F9C	1,84,33
5FA2	2,12,23
5FA4	2,12,24
5FA7	1,84,34
5FAF	1,84,35
5FB5	1,84,36
5FB7	1,84,37
5FB8	2,12,25
5FC4	2,12,26
5FC7	2,12,28
5FC9	1,84,38
5FCB	2,12,29
5FD2	2,12,30
5FD3	2,12,31
5FD4	2,12,32
5FDE	1,84,39
5FE1	1,84,40
5FE2	2,12,33
5FE9	1,84,41
5FEE	2,12,34
5FEF	2,12,35
5FF3	2,12,36
5FFC	2,12,37
600D	1,84,42
6014	1,84,43
6017	2,12,39
6018	1,84,44
6022	2,12,40
6024	2,12,41
6033	1,84,45
6035	1,84,46
6047	1,84,47
604C	2,12,43
607F	2,12,44
608A	2,12,45
6095	2,12,46
609D	1,84,49
609E	1,84,50
60A8	2,12,47
60B0	2,12,49
60B1	2,12,50
60BE	2,12,51
60C8	2,12,52
60CB	1,84,51
60D4	1,84,52
60D5	1,84,53
60D9	2,12,53
60DB	2,12,54
60DD	1,84,54
60EE	2,12,55
60F2	2,12,56
60F5	2,12,57
60F8	1,84,55
6110	2,12,58
6112	2,12,59
6113	2,12,60
6119	2,12,61
611C	1,84,56
611E	2,12,62
612B	1,84,57
6130	1,84,58
6137	1,84,59
613A	2,12,63
6141	2,12,65
6146	2,12,66
6160	2,12,67
617C	2,12,68
618D	1,84,61
6192	2,12,70
6193	2,12,71
6197	2,12,72
6198	2,12,73
61A5	2,12,74
61A8	2,12,75
61AD	2,12,76
61B9	1,84,64
61BC	1,84,63
61D5	2,12,78
61DD	2,12,79
61DF	2,12,80
61F5	2,12,81
6215	2,12,83
6222	1,84,66
6223	2,12,84
6229	2,12,85
623E	1,84,67
6243	1,84,68
6246	2,12,86
624C	2,12,87
6251	2,12,88
6252	2,12,89
6256	1,84,69
625A	1,84,70
6261	2,12,90
6264	2,12,91
626D	2,12,93
626F	1,84,71
6273	2,12,94
627B	2,12,92
6285	1,84,72
6299	2,13,01
62A6	2,13,02
62C4	1,84,73
62D5	2,13,03
62D6	1,84,74
62FC	1,84,75
62FD	2,13,05
6303	2,13,06
630A	1,84,76
630D	2,13,07
6310	2,13,08
6318	1,84,77
6332	2,13,11
6335	2,13,12
6339	1,84,78
633B	2,13,13
633C	2,13,14
6341	2,13,15
6343	1,84,79
6344	2,13,16
634E	2,13,17
6359	2,13,19
6365	1,84,80
636C	2,13,22
637C	1,84,81
6384	2,13,23
6394	2,13,26
6399	2,13,24
63BD	2,13,27
63D4	2,13,29
63D5	2,13,30
63DC	2,13,31
63E0	2,13,32
63E5	1,84,82
63EB	2,13,33
63EC	2,13,34
63ED	1,84,83
63F2	2,13,35
63F5	1,84,84
63F7	2,13,28
6409	2,13,36
6410	1,84,85
6414	1,84,86
641E	2,13,37
6422	1,84,87
6425	2,13,38
6429	2,13,39
642F	2,13,40
6451	1,84,89
645A	2,13,41
645B	2,13,42
645D	2,13,43
6460	1,84,90
646D	1,84,91
6473	2,13,44
6479	1,84,88
647D	2,13,45
6487	2,13,46
6491	2,13,47
649D	2,13,48
649F	2,13,49
64BE	1,84,93
64BF	1,84,94
64C4	1,85,01
64CA	1,85,02
64CB	2,13,50
64CC	2,13,51
64CE	1,84,92
64D0	1,85,03
64D5	2,13,52
64D7	2,13,53
64E4	2,13,55
64E5	2,13,56
64F7	1,85,04
64FB	1,85,05
64FF	2,13,57
6504	2,13,58
650F	2,13,60
6514	2,13,61
6516	2,13,62
651E	2,13,64
6522	1,85,06
6529	1,85,07
6532	2,13,65
6544	2,13,66
6554	2,13,67
6567	1,85,09
656B	2,13,68
657A	2,13,69
6581	2,13,70
6584	2,13,71
6585	2,13,72
658A	2,13,73
659D	1,85,10
65B2	2,13,74
65B5	2,13,75
65B8	2,13,76
65BF	2,13,77
65C2	2,13,78
65C9	2,13,79
65D4	2,13,80
65F2	2,13,82
65F9	2,13,83
65FC	2,13,84
6600	1,85,12
6604	2,13,85
6608	2,13,86
6609	1,85,13
6615	1,85,14
661E	1,85,15
6621	2,13,87
6622	1,85,17
6624	1,85,18
662A	2,13,88
662B	1,85,19
6630	1,85,20
6631	1,85,21
6633	1,85,22
663A	1,85,16
6645	2,13,89
6648	1,85,24
664C	1,85,25
664E	2,13,91
6651	2,13,90
6657	2,13,94
6659	1,85,27
665A	1,85,28
665B	2,14,01
6661	1,85,29
6663	2,14,02
6665	1,85,30
666A	2,14,05
666B	2,14,06
666C	2,14,07
666D	2,14,08
6673	1,85,31
6677	1,85,32
6678	1,85,33
667B	2,14,09
6680	2,14,10
668D	1,85,34
6690	2,14,11
6692	2,14,12
6699	2,14,13
66A0	1,85,36
66AD	2,14,15
66B1	2,14,16
66B2	1,85,37
66B5	2,14,17
66BB	1,85,38
66BF	2,14,19
66C6	1,85,39
66C8	1,85,40
66DB	1,85,42
66E8	1,85,43
66EC	2,14,21
66FA	1,85,44
66FB	1,85,23
6701	2,14,23
6705	2,14,24
6712	2,14,25
6713	1,85,45
6719	2,14,27
6733	1,85,47
6747	1,85,49
6748	1,85,50
674C	2,14,30
674D	2,14,31
6754	2,14,32
675D	2,14,33
6766	1,85,48
6774	2,14,37
6776	2,14,38
677B	1,85,51
6781	1,85,52
6792	2,14,40
6793	1,85,53
6798	1,85,54
679B	1,85,55
67B0	2,14,44
67B2	2,14,45
67BB	1,85,56
67C0	1,85,58
67C3	2,14,46
67C8	2,14,47
67D2	2,14,48
67D7	1,85,59
67D9	2,14,49
67DB	2,14,50
67F0	2,14,51
67F7	2,14,52
67F9	1,85,57
67FC	1,85,60
6801	1,85,61
6810	2,14,43
6818	2,14,56
681D	1,85,63
681F	2,14,57
682C	1,85,64
682D	2,14,58
6831	1,85,65
6833	2,14,60
683B	2,14,61
683E	2,14,62
6844	2,14,63
6845	2,14,64
6849	2,14,65
684C	2,14,66
6852	1,85,62
6855	2,14,67
6857	2,14,68
685B	1,85,66
686B	2,14,70
686E	2,14,71
6872	1,85,67
6875	1,85,68
687A	2,14,72
687C	2,14,73
6882	2,14,74
6890	2,14,75
6896	2,14,76
6898	2,14,78
6899	2,14,79
689A	2,14,80
689C	2,14,81
68A3	1,85,70
68A5	1,85,71
68AA	2,14,82
68AB	2,14,83
68B2	1,85,72
68B4	2,14,84
68BB	2,14,85
68C3	2,14,90
68C5	2,14,91
68C8	1,85,73
68CC	2,14,92
68CF	2,14,93
68D0	1,85,74
68D6	2,14,94
68D9	2,15,01
68E4	2,15,02
68E5	2,15,03
68E8	1,85,75
68EC	2,15,04
68ED	1,85,76
68F0	1,85,77
68F1	1,85,78
68F7	2,15,05
68FB	2,14,86
68FC	1,85,79
6903	2,15,06
6907	2,15,07
690A	1,85,80
6935	1,85,83
693B	2,15,11
6942	1,85,84
6946	2,15,13
6949	1,85,81
6957	1,85,85
6963	1,85,86
6964	1,85,87
6968	1,85,88
6969	2,15,14
696C	2,15,15
6972	2,15,16
697A	2,15,17
697F	2,15,18
6980	1,85,89
6992	2,15,19
6996	2,15,21
6998	2,15,22
69A5	1,85,91
69A6	2,15,23
69AD	1,85,92
69B0	2,15,24
69B7	2,15,25
69BA	2,15,26
69BC	2,15,27
69C0	2,15,28
69CF	1,85,93
69D1	2,15,29
69D6	2,15,30
69E2	1,86,02
69E3	2,15,36
69E9	1,86,03
69EA	1,86,04
69EE	2,15,37
69EF	2,15,38
69F3	2,15,39
69F4	2,15,41
69F5	1,86,05
69F6	1,86,06
69FE	2,15,42
6A0F	1,86,07
6A11	2,15,43
6A15	1,86,08
6A1A	2,15,44
6A1D	2,15,45
6A30	2,15,33
6A32	2,15,47
6A33	2,15,48
6A34	2,15,49
6A3B	1,86,10
6A3E	1,86,11
6A3F	2,15,50
6A45	1,86,12
6A46	2,15,51
6A49	2,15,52
6A4E	2,15,54
6A50	1,86,13
6A52	2,15,55
6A56	1,86,14
6A5B	1,86,15
6A64	2,15,56
6A6B	1,86,16
6A73	1,86,17
6A7A	2,15,53
6A7E	2,15,58
6A83	2,15,59
6A89	1,86,19
6A8B	2,15,60
6A91	2,15,62
6A94	1,86,20
6A9D	1,86,21
6A9E	1,86,22
6A9F	2,15,63
6AA1	2,15,64
6AA5	1,86,23
6AAB	2,15,66
6ABD	2,15,67
6AC6	2,15,68
6AD0	2,15,70
6AD4	2,15,69
6ADC	2,15,71
6ADD	2,15,72
6AE4	1,86,24
6AE7	1,86,25
6AEC	2,15,75
6AF1	2,15,76
6AF2	2,15,77
6AF3	2,15,78
6AFD	2,15,79
6B0B	2,15,81
6B0F	2,15,82
6B10	2,15,83
6B11	2,15,84
6B17	2,15,86
6B1B	1,86,28
6B1E	1,86,29
6B2C	1,86,30
6B2F	2,15,88
6B35	1,86,31
6B46	1,86,32
6B4A	2,15,89
6B56	1,86,33
6B58	2,15,90
6B60	1,86,34
6B65	1,86,35
6B67	1,86,36
6B6C	2,15,91
6B75	2,15,92
6B77	1,86,37
6B7A	2,15,93
6B81	2,15,94
6B82	1,86,38
6B9B	2,78,01
6BA9	1,86,39
6BAD	1,86,40
6BAE	2,78,02
6BBD	2,78,04
6BBE	2,78,05
6BC7	2,78,06
6BC8	2,78,07
6BC9	2,78,08
6BCF	1,86,42
6BD6	1,86,43
6BD7	1,86,44
6BDA	2,78,09
6BE6	2,78,10
6BE7	2,78,11
6BEE	2,78,12
6BF1	2,78,13
6BFF	1,86,45
6C02	2,78,14
6C05	1,86,46
6C0A	2,78,15
6C0E	2,78,16
6C10	1,86,47
6C33	1,86,48
6C35	2,78,17
6C36	2,78,18
6C3A	2,78,19
6C3F	2,78,21
6C4D	2,78,22
6C59	1,86,49
6C5B	2,78,23
6C5C	1,86,50
6C67	2,78,47
6C6D	2,78,24
6C74	1,86,52
6C76	1,86,53
6C84	2,78,25
6C85	1,86,54
6C86	1,86,55
6C89	2,78,26
6C94	2,78,28
6C95	2,78,29
6C97	2,78,30
6C98	1,86,56
6C9C	1,86,57
6CAA	1,86,51
6CAD	2,78,31
6CC2	2,78,32
6CC6	1,86,59
6CD0	2,78,33
6CD4	1,86,60
6CD6	2,78,35
6CDA	2,78,36
6CDC	2,78,37
6CE0	1,86,61
6CE9	2,78,38
6CEB	1,86,62
6CEC	2,78,39
6CED	2,78,40
6CEE	1,86,63
6CFB	1,86,58
6D00	2,78,42
6D04	1,86,65
6D0A	2,78,43
6D0E	1,86,66
6D24	2,78,44
6D26	2,78,45
6D27	2,78,46
6D2E	1,86,67
6D2F	2,78,48
6D31	1,86,68
6D34	2,78,69
6D39	1,86,69
6D3C	2,78,49
6D3F	1,86,70
6D58	1,86,71
6D5B	2,78,50
6D5E	2,78,51
6D60	2,78,52
6D65	1,86,72
6D70	2,78,53
6D80	2,78,54
6D81	2,78,55
6D82	1,86,74
6D87	1,86,75
6D89	1,86,76
6D8A	2,78,56
6D8D	2,78,57
6D91	2,78,58
6D94	1,86,77
6D98	2,78,59
6DAA	1,86,78
6DAB	2,78,65
6DAC	1,86,79
6DAE	2,78,66
6DB4	2,78,67
6DBF	1,86,80
6DC2	2,78,68
6DC4	1,86,81
6DC8	2,78,70
6DCE	2,78,71
6DCF	2,78,72
6DD0	2,78,73
6DD6	1,86,82
6DDA	1,86,83
6DDB	1,86,84
6DDD	1,86,85
6DDF	2,78,74
6DE9	2,78,75
6DF6	2,78,76
6DFC	1,86,86
6E17	2,78,61
6E1E	2,78,78
6E22	2,78,79
6E27	2,78,80
6E32	2,78,82
6E34	1,86,88
6E36	2,78,77
6E3C	2,78,83
6E44	1,86,89
6E48	2,78,84
6E49	2,78,85
6E4B	2,78,86
6E4C	2,78,87
6E4F	2,78,88
6E51	2,78,89
6E53	2,78,90
6E54	2,78,91
6E57	2,78,92
6E5C	1,86,90
6E5E	1,86,91
6E63	2,78,93
6E93	2,79,01
6EA7	2,79,02
6EAB	1,86,92
6EB1	1,86,93
6EB4	2,79,03
6EBF	2,79,04
6EC1	1,86,94
6EC3	2,79,05
6EC7	1,87,01
6ECA	2,79,06
6ECE	1,87,02
6ED9	2,79,07
6EEB	2,79,09
6EF9	2,79,10
6EFB	2,79,11
6F0A	2,79,12
6F0C	2,79,13
6F10	1,87,03
6F18	2,79,14
6F1A	1,87,04
6F25	2,79,15
6F2A	1,87,06
6F2F	1,87,07
6F33	1,87,08
6F35	2,79,08
6F36	2,79,16
6F3C	2,79,17
6F51	1,87,09
6F52	2,79,19
6F57	2,79,20
6F59	1,87,10
6F5A	2,79,21
6F5E	1,87,11
6F60	2,79,22
6F61	1,87,12
6F62	1,87,13
6F68	2,79,23
6F7D	2,79,25
6F7E	1,87,14
6F88	1,87,15
6F8C	1,87,16
6F8D	1,87,17
6F90	2,79,26
6F94	1,87,18
6F96	2,79,27
6F98	2,79,24
6F9F	2,79,29
6FA0	1,87,19
6FA5	2,79,30
6FA7	1,87,20
6FAF	2,79,31
6FB5	2,79,33
6FB6	1,87,21
6FBC	1,87,22
6FBE	2,79,28
6FC7	1,87,23
6FC8	2,79,34
6FC9	2,79,35
6FCA	1,87,24
6FDA	2,79,36
6FDE	2,79,37
6FE9	2,79,38
6FF0	1,87,26
6FF5	1,87,27
6FF9	1,87,25
6FFC	2,79,40
7000	2,79,41
7005	1,87,28
7006	1,87,29
7007	2,79,42
700A	2,79,43
7023	2,79,44
7028	1,87,30
7039	2,79,46
703A	2,79,47
703C	2,79,48
7043	2,79,49
7047	2,79,50
704A	1,87,31
704B	2,79,51
704E	1,87,34
7054	2,79,53
705D	1,87,32
705E	1,87,33
7064	1,87,35
7065	2,79,54
7069	2,79,55
706C	2,79,56
706E	2,79,57
7075	1,87,36
7076	2,79,58
707E	2,79,59
7081	2,79,60
7085	1,87,37
7086	2,79,61
7095	2,79,62
7097	2,79,63
709F	2,79,66
70A4	1,87,38
70AB	1,87,39
70B1	2,79,67
70B7	1,87,40
70BB	2,79,64
70CA	2,79,70
70D1	2,79,71
70D3	2,79,72
70D4	1,87,41
70D8	1,87,42
70DC	2,79,73
70E4	1,87,43
70EC	2,79,69
7103	2,79,74
7104	2,79,75
7106	2,79,76
7107	2,79,77
7108	2,79,78
710C	2,79,79
710F	1,87,44
711E	1,87,46
7120	1,87,47
712B	1,87,45
712E	1,87,48
712F	2,79,81
7130	1,87,49
7131	2,79,82
7146	1,87,50
7147	1,87,51
714A	2,79,84
7150	2,79,83
7151	1,87,52
7152	1,87,54
7153	2,79,85
715C	1,87,55
715E	2,79,86
7160	1,87,56
7168	1,87,57
7180	2,79,89
7185	1,87,59
7187	1,87,60
7192	1,87,61
7196	2,79,88
719B	2,79,90
71A0	2,79,91
71A2	2,79,92
71AE	2,79,93
71AF	2,79,94
71B3	2,80,01
71BA	1,87,63
71C1	1,87,62
71C4	1,87,64
71CB	2,80,03
71D3	2,80,04
71D9	2,80,05
71DC	2,80,06
71FE	1,87,65
7200	1,87,66
7207	2,80,07
7215	1,87,67
722B	2,80,10
7234	2,80,11
7238	2,80,12
7239	2,80,13
7242	2,80,15
7253	2,80,16
7255	1,87,68
7256	1,87,69
7257	2,80,17
7263	2,80,18
726E	2,80,20
726F	2,80,21
7278	2,80,22
727F	2,80,23
728D	1,87,71
728E	2,80,24
729B	1,87,72
72AD	2,80,26
72AE	2,80,27
72B0	2,80,28
72B1	2,80,29
72BE	1,87,73
72C0	1,87,74
72C1	2,80,30
72CC	2,80,32
72F3	2,80,35
72FA	2,80,36
72FB	1,87,75
7307	2,80,37
7312	2,80,38
7318	2,80,39
7319	2,80,40
7327	1,87,77
7328	1,87,78
732C	2,80,43
7331	2,80,44
7333	2,80,45
7339	2,80,42
733D	2,80,46
7350	1,87,80
7352	2,80,47
7366	1,87,81
736B	2,80,49
736C	2,80,50
736E	2,80,52
736F	2,80,53
7371	2,80,54
7377	2,80,55
737C	1,87,82
7381	2,80,56
7385	2,80,57
738A	2,80,58
7394	2,80,59
7395	1,87,83
7398	2,80,60
739C	2,80,61
739E	2,80,62
739F	1,87,84
73A0	1,87,85
73A2	1,87,86
73A5	2,80,63
73A6	1,87,87
73A8	2,80,64
73AB	1,87,88
73B5	2,80,65
73B7	2,80,66
73B9	2,80,67
73BC	2,80,68
73BF	2,80,69
73C5	2,80,70
73C9	1,87,89
73CB	2,80,71
73CF	1,87,90
73D6	1,87,91
73D9	1,87,92
73E1	2,80,72
73E3	1,87,93
73E7	2,80,73
73E9	1,87,94
73F9	2,80,74
73FA	2,80,76
7401	2,80,77
7407	1,88,01
740A	1,88,02
7413	2,80,75
741A	1,88,03
741B	1,88,04
7424	2,80,78
7426	1,88,06
7428	1,88,07
742A	1,88,08
742B	1,88,09
742C	1,88,10
742E	1,88,11
742F	1,88,12
7430	1,88,13
7431	2,80,79
7439	2,80,80
7440	2,80,82
7443	2,80,83
7444	1,88,14
7446	1,88,15
7447	1,88,16
744B	1,88,17
744D	2,80,84
7452	2,80,85
7453	2,80,81
7457	1,88,18
745D	2,80,86
7462	1,88,19
746B	1,88,20
746D	1,88,21
7471	2,80,87
7481	2,80,88
7485	2,80,89
7486	1,88,22
7487	1,88,23
7488	2,80,90
7489	1,88,24
7490	1,88,29
7492	2,80,92
7497	2,80,93
7498	1,88,25
7499	2,80,94
749C	1,88,26
749F	1,88,27
74A0	2,81,01
74A1	2,81,02
74A3	1,88,28
74A5	2,81,03
74A6	1,88,30
74A8	1,88,31
74A9	1,88,32
74AA	2,81,04
74AB	2,81,05
74B5	1,88,33
74B9	2,81,06
74BA	2,81,08
74BB	2,81,07
74BF	1,88,34
74C8	1,88,35
74C9	1,88,36
74D6	2,81,09
74D8	2,81,10
74DA	1,88,37
74DE	2,81,11
74EB	2,81,13
74EF	2,81,12
74FA	2,81,15
74FF	1,88,38
7501	1,88,39
7517	1,88,40
7520	2,81,17
7524	2,81,18
752A	2,81,19
752F	1,88,41
753D	2,81,22
753E	2,81,23
7540	2,81,24
7548	2,81,25
754E	2,81,26
7550	2,81,27
7552	2,81,28
756C	2,81,29
756F	1,88,42
7571	2,81,31
7572	2,81,30
7579	1,88,43
757A	2,81,32
757D	2,81,33
757E	2,81,34
7581	2,81,35
758C	2,81,37
7592	1,88,44
75A2	2,81,39
75B0	2,81,41
75B7	2,81,42
75BF	2,81,43
75C0	2,81,44
75C6	2,81,45
75CE	1,88,46
75CF	2,81,46
75D3	2,81,47
75DD	2,81,48
75DF	2,81,49
75E0	2,81,50
75E4	1,88,47
75E7	2,81,51
75EC	2,81,52
75EE	2,81,53
75F1	2,81,54
75F9	2,81,55
7600	1,88,48
7602	1,88,49
7603	2,81,56
7607	2,81,58
7608	1,88,50
760F	2,81,59
7613	2,81,62
7615	1,88,51
7616	1,88,52
7618	2,81,57
7619	1,88,53
761B	2,81,63
761C	2,81,64
761E	1,88,54
7625	2,81,66
7626	1,94,93
7628	2,81,67
762D	1,88,55
7633	2,81,69
7635	1,88,56
763C	2,81,68
7641	2,81,72
7643	1,88,57
7649	2,81,74
764B	1,88,58
7655	2,81,75
7664	1,88,59
7665	1,88,60
766D	1,88,61
766E	2,81,77
766F	1,88,62
7671	1,88,63
7681	1,88,64
7695	2,81,78
769B	1,88,65
769C	2,81,79
769D	1,88,66
769E	1,88,67
76A0	2,81,81
76A1	2,81,80
76A6	1,88,68
76A7	2,81,82
76A8	2,81,83
76AA	1,88,69
76AF	2,81,84
76B6	1,88,70
76C5	1,88,71
76C9	2,81,86
76CC	1,88,72
76CE	1,88,73
76D4	1,88,74
76E6	1,88,75
76E8	2,81,88
76EC	2,81,89
76F1	1,88,76
76FC	1,88,77
770A	1,88,78
7717	2,81,91
7719	1,88,79
771A	2,81,92
772D	2,81,93
7734	1,88,80
7735	2,81,94
7736	1,88,81
7746	1,88,82
774D	1,88,83
774E	1,88,84
7758	2,82,05
775C	1,88,85
775F	1,88,86
7760	2,82,06
7762	1,88,87
776A	2,82,07
7772	2,82,09
777A	1,88,88
777C	2,82,10
777D	2,82,11
7780	1,88,89
7794	1,88,90
779A	2,82,14
779F	2,82,15
77A2	2,82,16
77A4	2,82,17
77A9	2,82,18
77AA	1,88,91
77DE	2,82,19
77DF	2,82,20
77E0	1,88,92
77E4	2,82,21
77E6	2,82,22
77EA	2,82,23
77EC	2,82,24
77F0	2,82,26
77F4	2,82,27
77FB	2,82,28
7805	2,82,30
7806	2,82,31
7809	2,82,32
780D	2,82,33
7819	2,82,34
7821	2,82,35
782C	2,82,36
782D	1,88,93
7843	1,89,01
7847	2,82,37
784E	1,89,02
784F	1,89,03
7851	1,89,04
7864	2,82,38
7868	1,89,05
786A	2,82,39
786E	1,89,06
788A	2,82,41
7894	2,82,42
789D	2,82,44
789E	2,82,45
789F	2,82,46
78A4	2,82,43
78AD	1,89,10
78B0	1,89,08
78BB	2,82,47
78C8	2,82,48
78CC	2,82,49
78CE	2,82,50
78D5	2,82,51
78E0	2,82,52
78E1	2,82,53
78E4	1,89,11
78E6	2,82,54
78F2	1,89,12
78F7	1,89,14
78F9	2,82,55
78FA	2,82,56
78FB	2,82,57
78FE	2,82,58
7900	1,89,13
7910	2,82,60
791B	2,82,61
791C	1,89,15
7925	2,82,63
792E	1,89,16
7930	2,82,62
7931	1,89,17
7934	1,89,18
793B	2,82,64
7945	1,89,21
7946	1,89,22
794A	2,82,65
7958	2,82,66
795B	2,82,67
795C	1,89,26
7967	2,82,69
7972	2,82,70
7979	1,89,30
7994	2,82,71
7995	2,82,72
7996	2,82,73
7998	1,89,34
799B	2,82,74
79A1	2,82,75
79A9	2,82,76
79B1	1,89,35
79B4	2,82,77
79B8	1,89,36
79BB	2,82,78
79C2	2,82,79
79C7	2,82,80
79C8	1,89,37
79CA	1,89,38
79CC	2,82,81
79CD	2,82,82
79D4	1,89,40
79D6	2,82,83
79DE	1,89,41
79EB	1,89,42
79ED	1,89,43
7A03	1,89,44
7A0A	2,82,88
7A11	2,82,89
7A15	2,82,90
7A1B	2,82,91
7A1E	2,82,92
7A2D	2,82,94
7A38	2,83,01
7A39	1,89,46
7A47	2,83,02
7A4C	2,83,03
7A56	2,83,04
7A59	2,83,05
7A5C	2,83,06
7A5D	1,89,47
7A5F	2,83,07
7A60	2,83,08
7A67	2,83,09
7A6A	2,83,10
7A6D	1,89,48
7A75	2,83,11
7A78	2,83,12
7A82	2,83,13
7A85	1,89,50
7A8A	2,83,14
7A90	2,83,15
7AA0	1,89,51
7AA3	2,83,16
7AAC	2,83,17
7AB3	1,89,53
7AB9	2,83,20
7ABB	1,89,54
7ABC	2,83,21
7ABE	2,83,22
7ACC	2,83,24
7ACE	1,89,55
7AD1	2,83,25
7AE7	2,83,26
7AE8	2,83,27
7AEB	1,89,56
7AF4	2,83,28
7AFD	1,89,57
7B07	2,83,31
7B12	1,89,58
7B27	2,83,34
7B2A	2,83,35
7B2D	1,89,59
7B2E	2,83,36
7B2F	2,83,37
7B31	2,83,38
7B3B	1,89,60
7B3D	2,83,33
7B41	2,83,42
7B47	1,89,61
7B4E	1,89,62
7B55	2,83,44
7B60	1,89,63
7B64	2,83,46
7B66	2,83,47
7B69	2,83,48
7B6D	1,89,64
7B6F	1,89,65
7B72	1,89,66
7B73	2,83,49
7B79	2,83,45
7B7F	2,83,41
7B90	2,83,52
7B91	2,83,53
7B9B	2,83,54
7B9E	1,89,67
7BAF	2,83,56
7BB5	2,83,57
7BBC	2,83,58
7BC5	2,83,59
7BCA	2,83,60
7BD4	2,83,63
7BD6	2,83,64
7BD7	1,89,69
7BD9	1,89,70
7BDA	2,83,65
7BEA	2,83,66
7BF0	2,83,67
7C01	1,89,71
7C03	2,83,68
7C0B	2,83,69
7C0E	2,83,70
7C0F	2,83,71
7C1E	1,89,73
7C20	1,89,74
7C26	2,83,72
7C31	1,89,72
7C33	1,89,75
7C36	1,89,76
7C45	2,83,73
7C4A	2,83,74
7C51	2,83,75
7C57	2,83,76
7C59	1,89,79
7C5E	2,83,77
7C61	2,83,78
7C69	2,83,79
7C6D	1,89,80
7C6E	2,83,80
7C6F	2,83,81
7C70	2,83,82
7C79	1,89,81
7C8F	1,89,82
7C94	1,89,83
7CA0	1,89,84
7CA6	2,83,86
7CB6	2,83,88
7CB7	2,83,89
7CBC	1,89,85
7CBF	2,83,90
7CC4	2,83,92
7CC8	2,83,94
7CCD	2,84,01
7CD5	1,89,86
7CD7	2,84,03
7CD9	1,89,87
7CDD	1,89,88
7CE6	2,84,05
7CEB	2,84,06
7CF5	2,84,08
7D03	2,84,09
7D07	1,89,89
7D08	1,89,90
7D09	2,84,10
7D12	2,84,12
7D13	1,89,91
7D1D	1,89,92
7D1E	2,84,13
7D23	1,89,93
7D31	1,89,94
7D3D	2,84,16
7D3E	2,84,17
7D40	2,84,18
7D41	1,90,01
7D47	2,84,19
7D48	1,90,02
7D53	1,90,03
7D59	2,84,23
7D5A	2,84,24
7D5C	1,90,04
7D6A	2,84,25
7D70	2,84,26
7D7A	1,90,05
7D7F	2,84,28
7D83	1,90,06
7D86	2,84,30
7D88	2,84,31
7D8B	1,90,07
7D8C	2,84,32
7D97	2,84,33
7D9D	2,84,35
7DA0	1,90,08
7DA6	1,90,09
7DA7	2,84,36
7DAA	2,84,37
7DB6	2,84,38
7DB7	2,84,39
7DC0	2,84,40
7DC2	1,90,10
7DCC	1,90,11
7DD6	1,90,12
7DD7	2,84,41
7DD9	2,84,42
7DE3	1,90,13
7DE6	2,84,43
7DF1	2,84,44
7DF9	2,84,45
7E08	1,90,16
7E10	2,84,49
7E11	1,90,17
7E15	1,90,18
7E17	2,84,50
7E1D	2,84,51
7E20	2,84,52
7E27	2,84,53
7E28	1,90,15
7E2C	2,84,54
7E45	2,84,55
7E47	1,90,20
7E52	1,90,21
7E61	1,90,22
7E6B	1,94,94
7E73	2,84,56
7E75	2,84,57
7E7E	2,84,58
7E86	2,84,59
7E87	2,84,60
7E8A	1,90,23
7E8D	1,90,24
7E91	2,84,62
7E98	2,84,63
7E9A	2,84,64
7F3B	2,84,67
7F3C	2,84,66
7F3E	2,84,68
7F43	2,84,69
7F44	2,84,70
7F47	1,90,25
7F4F	2,84,71
7F52	2,84,74
7F61	2,84,76
7F63	2,84,77
7F64	2,84,78
7F6D	2,84,79
7F7D	2,84,80
7F7E	2,84,81
7F90	2,84,83
7F91	1,90,27
7F96	2,84,86
7F97	1,90,28
7F9C	2,84,87
7FAD	2,84,88
7FBF	1,90,29
7FC3	2,84,90
7FCE	1,90,30
7FCF	2,84,91
7FDB	1,90,31
7FDF	1,90,32
7FE3	2,84,92
7FE5	2,84,93
7FEC	1,90,33
7FEE	1,90,34
7FEF	2,84,94
7FF2	2,85,01
7FFA	1,90,35
8002	2,85,02
8008	2,85,04
800A	2,85,03
800E	2,85,05
8011	2,85,06
8014	1,90,37
8016	2,85,07
8024	2,85,08
8026	1,90,38
802C	2,85,09
8030	2,85,10
8035	1,90,39
8037	1,90,40
803C	1,90,41
8043	2,85,11
8066	2,85,12
8071	2,85,13
8075	2,85,14
807B	2,85,15
8099	2,85,16
809C	2,85,17
80A4	2,85,18
80A7	2,85,19
80B8	2,85,20
80C5	2,85,22
80CA	1,90,42
80D5	2,85,23
80D7	1,90,43
80D8	2,85,24
80E0	1,90,44
80E6	2,85,25
80F3	1,90,45
80F5	2,85,28
80FB	2,85,29
810D	2,85,27
8116	2,85,32
8118	1,90,46
811E	2,85,33
8124	2,85,35
8127	2,85,36
812C	2,85,37
8135	2,85,31
813D	2,85,39
814A	1,90,47
8160	1,90,48
8167	1,90,49
8168	1,90,50
8169	2,85,41
816D	1,90,51
8181	2,85,43
8184	2,85,45
8185	2,85,46
8198	2,85,48
81B2	2,85,49
81BB	1,90,52
81C1	2,85,50
81C3	2,85,51
81CA	1,90,53
81CF	1,90,54
81D6	2,85,52
81D7	1,90,55
81DB	2,85,53
81E4	2,85,55
81EC	2,85,57
81FD	2,85,59
81FF	2,85,60
8204	2,85,62
8219	2,85,64
8221	2,85,65
8222	2,85,66
8232	2,85,68
8234	2,85,69
823C	2,85,70
8245	2,85,73
8246	2,85,71
8249	2,85,72
824B	2,85,75
824F	2,85,77
8257	2,85,79
825C	2,85,81
8260	1,90,59
8263	2,85,82
8274	1,90,60
8279	2,85,86
827D	2,85,88
827F	2,85,89
8283	2,85,90
828A	2,85,91
828E	1,90,62
8293	2,85,92
82A1	1,90,63
82A3	1,90,64
82A4	1,90,65
82A7	2,85,93
82A8	2,85,94
82A9	1,90,66
82AE	1,90,67
82B2	2,86,01
82B4	2,86,02
82B7	1,90,68
82BA	2,86,03
82BC	2,86,04
82BE	1,90,69
82BF	1,90,70
82C6	1,90,71
82D5	1,90,72
82E2	2,86,05
82E8	2,86,06
82F7	2,86,07
82FD	1,90,73
82FE	1,90,74
8300	1,90,75
8301	1,90,76
8307	2,86,08
8308	2,86,09
830C	2,86,10
831B	2,86,12
831D	2,86,13
8322	1,90,78
832D	1,90,79
8330	2,86,14
833A	1,90,80
833C	2,86,15
8343	1,90,81
8344	2,86,16
8347	1,90,82
8351	1,90,83
8354	2,86,11
8355	1,90,84
8357	2,86,17
8362	1,90,77
8363	2,14,42
837D	1,90,85
837F	2,86,19
8386	1,90,86
838D	2,86,22
8392	1,90,87
8394	2,86,23
8395	2,86,24
8398	1,90,88
839B	2,86,25
839D	2,86,26
83A7	1,90,89
83A9	1,90,90
83BF	1,90,91
83C0	1,90,92
83C7	1,90,93
83C9	2,86,27
83CF	1,90,94
83D0	2,86,28
83D1	1,91,01
83D4	2,86,29
83DD	2,86,30
83E1	1,91,02
83E5	2,86,31
83EA	1,91,03
83F9	2,86,32
8401	1,91,04
8406	1,91,05
840A	1,91,06
840F	2,86,33
8411	2,86,34
8415	2,86,35
8417	2,86,37
8439	2,86,38
8448	1,91,08
844A	2,86,39
844F	2,86,40
8451	2,86,41
8452	2,86,42
8459	2,86,43
845A	2,86,44
845C	2,86,45
845F	1,91,09
8465	2,86,47
8470	1,91,10
8473	1,91,11
8476	2,86,48
8478	2,86,49
847C	2,86,50
8481	2,86,51
8485	1,91,12
8497	2,86,54
849E	1,91,13
84A6	2,86,55
84AF	1,91,14
84B4	1,91,15
84BA	1,91,16
84BE	2,86,56
84C0	1,91,17
84C2	1,91,18
84CE	2,86,58
84CF	2,86,59
84D3	2,86,60
84DC	2,86,53
84E7	2,86,62
84EA	2,86,63
84EF	2,86,64
84F0	2,86,65
84F1	2,86,66
84FA	2,86,67
84FD	2,86,68
850C	2,86,69
851B	2,86,70
851E	1,91,21
8523	1,91,22
8524	2,86,71
8525	2,86,72
852B	2,86,73
852F	1,91,23
8532	1,91,20
8534	2,86,74
853E	2,86,79
854F	2,86,75
8551	2,86,80
8553	2,86,81
8559	1,91,24
855E	2,86,82
8561	2,86,83
8562	2,86,84
8564	1,91,25
856F	2,86,76
857A	1,91,28
857B	2,86,86
857D	2,86,87
857F	2,86,88
8581	2,86,89
8586	2,86,90
858C	1,91,29
858F	1,91,30
8593	2,86,91
859D	2,86,92
859F	2,86,93
85A2	1,91,31
85AD	1,91,27
85B0	1,91,32
85B7	2,87,03
85BC	2,87,04
85C7	2,87,05
85CA	2,87,06
85CB	1,91,33
85CE	1,91,34
85D8	2,87,07
85D9	2,87,08
85DF	2,87,09
85E1	2,87,10
85E6	2,87,11
85ED	1,91,35
85F6	2,87,12
85FF	1,91,37
8600	2,87,13
8604	1,91,38
8605	1,91,39
8610	1,91,40
8611	2,87,14
8612	1,91,36
8618	1,91,42
861E	2,87,15
8621	2,87,16
8624	2,87,17
8627	2,87,18
8629	1,91,43
8638	1,91,44
8639	2,87,20
863C	2,87,21
8640	2,87,23
8641	1,15,72
8653	2,87,25
8656	2,87,26
8657	1,91,45
865B	1,91,46
8662	1,91,48
866C	1,91,50
866F	2,87,27
8675	1,91,51
8677	2,87,28
867A	2,87,29
8687	2,87,30
8689	2,87,31
868D	2,87,32
8691	2,87,33
8698	1,91,52
869C	2,87,34
869D	2,87,35
86A8	2,87,36
86B1	2,87,38
86B3	2,87,39
86B8	1,91,53
86C1	2,87,40
86C3	2,87,41
86D1	2,87,42
86D5	2,87,43
86D7	2,87,44
86E3	2,87,45
86E6	2,87,46
86FA	1,91,54
86FC	1,91,55
86FD	1,91,56
8705	2,87,48
8707	2,87,49
870B	1,91,57
870E	2,87,50
8710	2,87,51
8713	2,87,52
8719	2,87,53
871F	2,87,54
8721	2,87,55
8723	2,87,56
8731	2,87,57
873A	2,87,58
873E	2,87,59
8740	2,87,60
8743	2,87,61
8751	2,87,62
8758	2,87,63
8764	2,87,64
8765	2,87,65
8771	1,91,58
8772	2,87,66
877C	2,87,67
8787	1,91,59
8788	1,91,60
8789	2,87,71
878B	2,87,72
8793	2,87,73
87A0	2,87,74
87A7	2,87,70
87AC	1,91,61
87AD	1,91,62
87B5	1,91,63
87BE	2,87,77
87C1	2,87,79
87CE	2,87,80
87D6	1,91,65
87DF	2,87,82
87E3	2,87,84
87E5	2,87,85
87E6	2,87,86
87EA	2,87,87
87EB	2,87,88
87EC	1,91,66
87ED	2,87,89
87F5	2,87,81
8801	2,87,90
8803	2,87,91
8806	1,91,67
880A	1,91,68
880B	2,87,92
8810	1,91,69
8813	2,87,93
8814	1,91,70
881F	1,91,71
8828	2,87,94
882E	2,88,01
8832	2,88,02
883C	2,88,03
884A	2,88,05
8858	2,88,06
885F	2,88,07
8864	2,88,08
8869	2,88,11
886F	2,88,13
8898	1,91,72
88A0	2,88,14
88AA	1,91,73
88BC	2,88,15
88BD	2,88,16
88BE	2,88,17
88C0	2,88,18
88CA	1,91,74
88CE	1,91,75
88D1	2,88,21
88D2	2,88,19
88D3	2,88,22
88DB	2,88,23
88F0	2,88,24
88F1	2,88,25
88F5	1,91,77
8901	2,88,27
8918	1,91,80
8919	1,91,81
891A	1,91,82
891C	1,91,78
8927	1,91,83
8930	1,91,84
8932	1,91,85
8937	2,88,29
8939	1,91,86
8940	1,91,87
8942	2,88,31
8945	2,88,32
8949	2,88,33
8962	2,88,36
8980	2,88,37
8989	2,88,38
8990	2,88,39
8994	1,91,88
899F	2,88,40
89B0	2,88,41
89B7	2,88,42
89D4	1,91,90
89D6	2,88,43
89D8	2,88,44
89E5	1,91,91
89EB	2,88,45
89F1	2,88,47
89F3	2,88,48
89F6	1,91,92
89FD	2,88,49
89FF	2,88,50
8A11	2,88,52
8A12	1,91,93
8A14	2,88,53
8A15	1,91,94
8A21	2,88,55
8A22	1,92,01
8A35	2,88,56
8A37	1,92,02
8A3E	2,88,57
8A45	2,88,58
8A47	1,92,03
8A4D	2,88,59
8A4E	1,92,04
8A58	2,88,60
8A5D	1,92,05
8A61	1,92,06
8A75	1,92,07
8A79	1,92,08
8A90	2,88,62
8AA7	1,92,09
8AAE	2,88,61
8AB7	2,88,63
8ABE	2,88,64
8AD0	1,92,10
8AD7	2,88,65
8ADF	1,92,11
8AF4	1,92,12
8AF6	1,92,13
8AFC	2,88,66
8B05	2,88,69
8B0A	2,88,68
8B0D	2,88,70
8B1C	2,88,71
8B1F	2,88,72
8B2D	2,88,73
8B43	2,88,74
8B46	1,92,17
8B51	2,88,76
8B54	1,92,18
8B59	1,92,19
8B5E	2,88,77
8B69	1,92,20
8B76	2,88,78
8B7F	2,88,79
8B81	2,88,80
8B8B	2,88,81
8B94	2,88,82
8B95	2,88,83
8B9C	2,88,84
8B9D	1,92,21
8B9E	2,88,85
8C39	2,88,86
8C3D	2,88,88
8C45	2,88,91
8C47	2,88,92
8C49	1,92,22
8C4F	2,88,93
8C54	2,88,94
8C57	2,89,01
8C68	1,92,23
8C69	2,89,02
8C6D	2,89,03
8C73	2,89,04
8C92	2,89,07
8C93	2,89,06
8C99	2,89,08
8C9B	2,89,10
8CA4	2,89,11
8CD5	2,89,13
8CD6	2,89,12
8CD9	2,89,14
8CE1	1,92,25
8CF0	2,89,16
8CF1	2,89,17
8CF4	1,92,26
8CF8	1,92,27
8CFE	1,92,28
8D09	2,89,19
8D0E	2,89,20
8D12	1,92,30
8D1B	1,92,31
8D6C	2,89,21
8D84	2,89,22
8D95	2,89,23
8DA6	2,89,24
8DAF	1,92,32
8DC6	2,89,26
8DC8	2,89,27
8DCE	1,92,33
8DD1	1,92,34
8DD7	1,92,35
8DD9	2,89,28
8DEC	2,89,29
8DFD	2,89,32
8E06	2,89,33
8E0C	2,89,30
8E14	2,89,35
8E16	2,89,36
8E20	1,92,36
8E21	2,89,37
8E22	2,89,38
8E23	1,92,37
8E27	2,89,39
8E36	2,89,42
8E39	2,89,43
8E3D	1,92,38
8E4B	2,89,44
8E54	2,89,45
8E62	2,89,46
8E6C	2,89,47
8E6D	2,89,48
8E6F	2,89,49
8E70	1,92,39
8E7B	1,92,40
8E98	2,89,50
8E9E	2,89,51
8EAE	2,89,52
8EB3	2,89,53
8EB5	2,89,54
8EB6	2,89,55
8EBB	2,89,56
8EC0	1,92,42
8ED1	2,89,58
8ED4	2,89,59
8EF9	2,89,61
8EFA	1,92,44
8F00	2,89,63
8F08	2,89,64
8F17	2,89,65
8F1E	1,92,45
8F2B	2,89,66
8F2D	1,92,46
8F36	1,92,47
8F40	2,89,67
8F4A	2,89,68
8F54	1,92,48
8F58	2,89,69
8FA4	2,89,71
8FA6	1,92,50
8FB4	2,89,72
8FB5	1,92,51
8FB6	2,89,74
8FC1	2,89,76
8FC6	2,89,77
8FCA	2,89,79
8FCD	2,89,80
8FD3	2,89,81
8FD5	2,89,82
8FE0	2,89,83
8FE4	1,92,52
8FE8	1,92,53
8FEE	1,92,54
8FF1	2,89,84
8FF5	2,89,85
8FFB	2,89,86
9002	2,89,87
9008	1,92,55
900C	2,89,88
902D	1,92,56
9037	2,89,89
9043	2,89,91
9044	2,89,92
905D	2,89,93
9085	2,90,02
9088	1,92,58
908C	2,90,03
9090	2,90,04
9095	1,92,59
9097	1,92,60
9099	1,92,61
909B	1,92,62
90A1	2,90,06
90A2	1,92,63
90B0	2,90,08
90B3	1,92,64
90B6	2,90,09
90BE	1,92,65
90C3	2,90,10
90C4	1,92,66
90C5	1,92,67
90C7	1,92,68
90C8	2,90,11
90D7	1,92,69
90DC	2,90,13
90DD	1,92,70
90DE	1,92,71
90DF	2,90,14
90EB	2,90,19
90EF	1,92,72
90F2	2,90,17
90F4	1,92,73
90F6	2,90,16
90FE	2,90,20
90FF	2,90,21
9100	2,90,18
9104	2,90,22
9106	2,90,23
9114	1,92,75
9115	1,92,76
9116	1,92,77
9118	2,90,24
911C	2,90,25
911E	2,90,26
9122	1,92,78
9123	1,92,79
9127	1,92,80
912F	1,92,81
9131	1,92,82
9134	1,92,83
9137	2,90,27
9139	2,90,28
913A	2,90,29
913D	1,92,84
9146	2,90,30
9147	2,90,31
9148	1,92,85
9157	2,90,32
9159	2,90,33
915B	1,92,86
9161	2,90,34
9164	2,90,35
9174	2,90,36
9179	2,90,37
9183	1,92,87
9185	2,90,38
918E	2,90,39
919E	1,92,88
91A8	2,90,40
91AC	1,92,89
91AE	2,90,41
91B1	1,92,90
91B3	2,90,42
91B6	2,90,43
91BC	1,92,91
91C3	2,90,44
91C4	2,90,45
91D7	1,92,92
91DA	2,90,46
91E4	1,92,94
91E5	1,93,01
91EC	2,90,49
91ED	1,93,02
91EE	2,90,50
91F1	1,93,03
91FB	1,92,93
9201	2,90,51
9207	1,93,04
920A	2,90,52
9210	1,93,05
9216	2,90,53
9217	2,90,54
9233	2,90,56
9238	1,93,06
9239	1,93,07
923A	1,93,08
923C	1,93,09
9240	1,93,10
9242	2,90,57
9243	1,93,11
9247	2,90,58
924A	2,90,59
924E	2,90,60
924F	1,93,12
9251	2,90,61
9256	2,90,62
9259	2,90,63
9260	2,90,64
9261	2,90,65
9265	2,90,66
9267	2,90,67
9268	2,90,68
9278	1,93,13
927C	2,90,71
927D	2,90,72
927F	2,90,73
9288	1,93,14
9289	2,90,74
928D	2,90,75
9297	2,90,76
9299	2,90,77
929F	2,90,78
92A7	2,90,79
92AB	2,90,80
92B2	2,90,83
92BF	2,90,84
92C0	2,90,85
92C2	1,93,15
92C6	2,90,86
92CB	1,93,16
92CC	1,93,17
92CE	2,90,87
92D0	2,90,88
92D3	1,93,18
92D7	2,90,89
92D9	2,90,90
92E0	1,93,19
92E5	2,90,91
92E7	2,90,92
92F7	2,91,02
92F9	2,91,03
92FB	2,91,04
92FF	1,93,20
9302	2,91,05
9304	1,93,21
930D	2,91,06
9311	2,90,93
9315	2,91,07
931D	2,91,08
931E	2,91,09
931F	1,93,22
9321	1,93,23
9325	1,93,24
9327	2,91,10
9329	2,91,11
9347	2,91,14
9348	1,93,25
9349	1,93,26
934A	1,93,27
9351	2,91,15
9357	2,91,16
935A	2,91,17
9364	1,93,28
9365	1,93,29
936A	1,93,30
936B	2,91,18
9370	1,93,31
9371	2,91,19
9373	2,91,20
9388	2,91,24
938B	2,91,25
938F	2,91,26
939B	1,93,32
939E	2,91,27
93A1	2,91,21
93A3	1,93,33
93BA	1,93,34
93C1	2,91,32
93C6	1,93,35
93C7	2,91,33
93DC	2,91,34
93DE	1,93,36
93DF	1,93,37
93E2	2,91,35
93E7	2,91,36
93F1	2,91,31
93F5	2,91,28
93FB	2,91,41
93FD	1,93,39
9404	1,93,38
9409	2,91,37
940F	2,91,38
9416	2,91,39
9417	2,91,40
9432	2,91,42
9433	1,93,40
9434	2,91,43
943B	2,91,44
9445	2,91,45
944A	1,93,41
9463	1,93,42
946B	1,93,43
946D	2,91,48
946F	2,91,49
9471	1,93,44
9472	1,93,45
9578	2,91,50
9579	2,91,51
9586	2,91,52
958C	2,91,53
958D	2,91,54
958E	1,93,46
959F	1,93,47
95A6	1,93,48
95A9	1,93,49
95AB	2,91,56
95AC	1,93,50
95B4	2,91,57
95B6	1,93,51
95BD	1,93,52
95C8	2,91,59
95CB	1,93,53
95D0	1,93,54
95D3	1,93,55
95DA	1,93,57
95DE	1,93,58
961D	2,90,05
962C	2,91,62
9633	2,91,63
9634	2,91,64
963C	2,91,66
9641	2,91,67
9658	1,93,59
9661	2,91,68
9682	2,91,70
9684	1,93,60
969A	2,91,72
969D	1,93,62
96A4	1,93,63
96A5	1,93,64
96A9	2,91,75
96AF	2,91,76
96B3	2,91,77
96BA	2,91,78
96BD	2,91,79
96D2	1,93,65
96D8	2,91,82
96DA	2,91,83
96DD	2,91,84
96DE	1,93,66
96E9	1,93,68
96EF	1,93,69
9714	2,91,86
9723	2,91,87
9733	1,93,70
9736	2,91,89
973B	1,93,71
9741	2,91,90
9747	2,91,91
974D	1,93,72
974E	1,93,73
974F	1,93,74
9755	2,91,92
9757	2,91,93
975A	1,93,75
975B	2,91,94
976A	2,92,01
976E	1,93,76
9773	1,93,77
9795	1,93,78
9796	2,92,04
979A	2,92,05
979E	2,92,06
97A2	2,92,07
97AE	1,93,79
97B1	2,92,08
97B2	2,92,09
97BA	1,93,80
97BE	2,92,10
97C1	1,93,81
97C9	1,93,82
97CC	2,92,11
97D1	2,92,12
97D4	2,92,13
97D8	2,92,14
97D9	2,92,15
97DB	1,93,84
97DE	1,93,83
97E1	2,92,16
97F1	2,92,17
97F4	1,93,85
9804	2,92,18
980A	1,93,87
980D	2,92,19
980E	2,92,20
9814	2,92,21
9816	2,92,22
981E	1,93,88
9823	2,92,25
9825	2,92,28
982B	1,93,89
9830	1,93,90
9832	2,92,26
9833	2,92,27
9847	2,92,29
9852	1,93,92
9853	1,93,93
9856	1,93,94
9857	1,94,01
9859	1,94,02
985A	1,94,03
9865	1,94,05
9866	2,92,30
986C	1,94,06
98AB	2,92,31
98AD	2,92,32
98B0	2,92,33
98B7	2,92,35
98B8	2,92,36
98BA	1,94,07
98BB	2,92,37
98BC	2,92,38
98BF	2,92,39
98C2	2,92,40
98C7	2,92,41
98C8	1,94,08
98CB	2,92,42
98E0	2,92,43
98E1	2,92,45
98E3	2,92,46
98E5	2,92,47
98E7	1,94,09
98EA	2,92,48
98F0	2,92,49
98F1	2,92,50
98F3	2,92,51
9908	2,92,52
9916	2,92,55
9917	2,92,56
991A	2,92,58
991B	2,92,59
991C	2,92,60
9931	2,92,62
9932	2,92,63
9933	2,92,64
993A	2,92,65
993B	2,92,66
993C	2,92,67
9940	2,92,68
9941	2,92,69
9946	2,92,70
994D	2,92,71
994E	2,92,72
9958	1,94,10
995C	2,92,73
995F	2,92,74
9960	2,92,75
999E	1,94,11
99A3	2,92,76
99A6	2,92,77
99B9	2,92,78
99BD	2,92,79
99BF	2,92,80
99C3	2,92,81
99C9	2,92,82
99D4	2,92,83
99D9	2,92,84
99DE	2,92,85
99F0	2,92,87
99F9	2,92,88
99FC	2,92,89
9A02	1,94,12
9A03	1,94,13
9A0A	2,92,90
9A11	2,92,91
9A16	2,92,92
9A1A	2,92,93
9A20	2,92,94
9A24	1,94,14
9A2D	1,94,15
9A2E	1,94,16
9A31	2,93,01
9A36	2,93,02
9A38	1,94,17
9A44	2,93,03
9A4A	1,94,18
9A4C	2,93,04
9A4E	1,94,19
9A52	1,94,20
9A58	2,93,05
9AAF	2,93,07
9AB6	1,94,21
9AB7	2,93,09
9AB9	2,93,11
9AC1	1,94,22
9AC3	1,94,23
9AC6	2,93,13
9ACE	1,94,24
9AD0	2,93,14
9AD2	2,93,15
9AD5	2,93,16
9AD6	1,94,25
9ADC	2,93,18
9AE0	2,93,19
9AE5	2,93,20
9AE9	2,93,21
9AF9	1,94,26
9B02	1,94,27
9B03	2,93,22
9B08	1,94,28
9B0C	2,93,23
9B10	2,93,24
9B12	2,93,25
9B16	2,93,26
9B1C	2,93,27
9B20	1,94,29
9B2B	2,93,28
9B2D	1,94,31
9B33	2,93,29
9B3D	2,93,30
9B4B	2,93,32
9B5E	1,94,32
9B63	2,93,33
9B65	2,93,34
9B66	1,94,34
9B6B	2,93,35
9B6C	2,93,36
9B72	1,94,35
9B73	2,93,37
9B75	1,94,36
9B76	2,93,38
9B77	2,93,39
9B79	1,94,33
9B84	1,94,37
9B8A	1,94,38
9B8F	1,94,39
9B9E	1,94,40
9BA6	2,93,40
9BA7	1,94,41
9BAC	2,93,41
9BB1	2,93,42
9BB2	2,93,45
9BB8	2,93,46
9BBE	2,93,47
9BC1	1,94,42
9BC7	2,93,48
9BCE	1,94,43
9BD8	2,93,50
9BDD	2,93,51
9BE5	1,94,44
9BE7	2,93,52
9BEA	2,93,53
9BEB	2,93,54
9BEE	2,93,56
9BEF	2,93,55
9BF3	2,93,49
9BF7	2,93,60
9BF8	1,94,45
9BFA	2,93,58
9BFD	1,94,46
9C00	1,94,47
9C16	2,93,62
9C18	2,93,63
9C19	2,93,64
9C1A	2,93,65
9C1D	2,93,66
9C22	2,93,67
9C23	1,94,48
9C27	2,93,68
9C29	2,93,69
9C2A	2,93,70
9C31	2,93,72
9C36	2,93,73
9C37	2,93,74
9C41	1,94,49
9C45	2,93,75
9C49	2,93,78
9C4A	2,93,79
9C4F	1,94,50
9C50	1,94,51
9C53	1,94,52
9C54	2,93,81
9C58	2,93,82
9C5B	2,93,83
9C5C	2,93,76
9C5D	2,93,84
9C5F	2,93,85
9C63	1,94,53
9C65	1,94,54
9C69	2,93,86
9C6A	2,93,87
9C6B	2,93,88
9C6D	2,93,89
9C6E	2,93,90
9C70	2,93,91
9C72	2,93,92
9C75	2,93,93
9C77	1,94,55
9C7A	2,93,94
9CE6	2,94,01
9CF2	2,94,02
9D02	2,94,04
9D0B	2,94,03
9D11	2,94,06
9D17	2,94,07
9D18	2,94,08
9D1D	1,94,56
9D1E	1,94,57
9D32	2,94,12
9D42	2,94,14
9D43	1,94,58
9D47	1,94,59
9D4A	2,94,15
9D52	1,94,60
9D5F	2,94,16
9D62	2,94,17
9D63	1,94,61
9D69	2,94,19
9D6B	2,94,20
9D70	1,94,62
9D73	2,94,22
9D76	2,94,23
9D77	2,94,24
9D7C	1,94,63
9D7E	2,94,25
9D84	2,94,26
9D8A	1,94,64
9D8D	2,94,27
9D96	1,94,65
9D99	2,94,28
9DA1	2,94,29
9DAC	1,94,67
9DB5	2,94,31
9DB9	2,94,32
9DBC	1,94,68
9DBD	2,94,33
9DBF	2,94,30
9DC0	1,94,66
9DC3	2,94,34
9DC7	2,94,35
9DC9	2,94,36
9DD6	2,94,37
9DD7	1,94,69
9DDA	2,94,38
9DDF	2,94,39
9DE0	2,94,40
9DE3	2,94,41
9DE7	1,94,71
9DF4	2,94,42
9E02	2,94,45
9E07	1,94,72
9E0A	2,94,44
9E0D	2,94,46
9E15	1,94,73
9E19	2,94,47
9E1C	2,94,48
9E1D	2,94,49
9E7B	2,94,50
9E7C	1,94,74
9E80	2,94,52
9E85	2,94,53
9E9B	2,94,54
9E9E	1,94,75
9EA4	1,94,76
9EA8	2,94,55
9EAC	1,94,77
9EAF	1,94,78
9EB4	1,94,79
9EB5	1,94,80
9EBD	2,94,57
9EC3	1,94,81
9ED1	1,94,82
9EDF	2,94,59
9EE7	2,94,60
9EEE	2,94,61
9EFF	2,94,62
9F02	2,94,63
9F03	2,94,65
9F10	1,94,83
9F17	2,94,66
9F19	2,94,67
9F2F	2,94,68
9F37	2,94,69
9F39	1,94,84
9F3A	2,94,70
9F3D	2,94,71
9F41	2,94,72
9F45	2,94,73
9F46	2,94,74
9F53	2,94,75
9F55	2,94,76
9F57	1,94,85
9F58	2,94,77
9F5D	2,94,79
9F69	2,94,81
9F6D	2,94,83
9F70	2,94,84
9F75	2,94,85
9F90	1,94,86
9F94	1,94,87
9F97	1,94,88
9FA2	1,94,89
F91D	1,86,27
F928	1,84,14
F929	1,85,46
F936	1,91,47
F970	1,86,41
F9D0	1,94,04
F9DC	1,93,61
FA0F	1,15,43
FA10	1,15,55
FA11	1,47,82
FA13	2,14,89
FA14	1,85,90
FA15	1,87,58
FA16	1,87,79
FA19	1,89,28
FA1A	1,89,29
FA1B	1,89,33
FA1F	1,91,26
FA20	2,87,24
FA21	2,87,37
FA22	1,92,14
FA24	2,89,78
FA26	1,92,74
FA30	1,14,24
FA31	1,14,41
FA32	1,14,48
FA33	1,14,67
FA34	1,14,72
FA35	1,14,78
FA36	1,15,12
FA37	1,15,15
FA38	1,15,22
FA39	1,15,58
FA3A	1,15,62
FA3B	1,47,65
FA3C	1,47,66
FA3D	1,84,48
FA3E	1,84,60
FA3F	1,84,62
FA40	1,84,65
FA41	1,85,08
FA42	1,85,11
FA43	1,85,35
FA44	1,85,69
FA45	1,86,73
FA46	1,86,87
FA47	1,87,05
FA48	1,87,53
FA49	2,80,09
FA4A	1,88,05
FA4B	1,89,07
FA4C	1,89,19
FA4D	1,89,20
FA4E	1,89,23
FA4F	1,89,24
FA50	1,89,25
FA51	1,89,27
FA52	1,89,31
FA53	1,89,32
FA54	1,89,45
FA55	1,89,49
FA56	1,89,68
FA57	1,90,14
FA58	2,84,48
FA59	1,90,19
FA5A	1,90,26
FA5B	1,90,36
FA5C	1,90,56
FA5D	2,85,84
FA5E	2,85,85
FA5F	1,91,07
FA60	1,91,79
FA61	1,91,89
FA62	1,92,15
FA63	1,92,16
FA64	1,92,24
FA65	1,92,29
FA66	2,89,73
FA67	1,92,57
FA68	1,93,67
FA69	1,93,86
FA6A	1,93,91
2000B	1,14,02
20089	2,01,01
200A2	2,01,11
200A4	2,01,14
201A2	2,01,22
20213	2,01,38
2032B	2,01,80
20371	2,01,89
20381	2,01,87
203F9	2,03,02
2044A	2,03,05
20509	2,03,07
205D6	2,03,17
20628	2,03,18
2074F	2,03,24
20807	2,03,31
2083A	2,03,33
208B9	2,03,42
2097C	2,03,50
2099D	2,03,51
20AD3	2,03,57
20B1D	2,03,60
20B9F	1,47,52
20D45	2,03,87
20DE1	2,04,10
20E64	2,04,26
20E6D	2,04,18
20E95	2,04,17
20F5F	2,04,29
21201	2,04,57
2123D	1,15,34
21255	2,04,60
21274	2,04,67
2127B	2,04,62
212D7	2,04,75
212E4	2,04,74
212FD	2,04,82
2131B	1,15,44
21336	2,04,84
21344	2,04,85
213C4	2,05,05
2146D	2,05,18
2146E	1,15,64
215D7	2,05,30
21647	2,05,39
216B4	1,47,67
21706	2,05,53
21742	2,05,54
218BD	1,15,91
219C3	2,05,94
21C56	2,08,16
21D2D	2,08,23
21D45	2,08,24
21D62	2,08,27
21D78	2,08,26
21D92	2,08,37
21D9C	2,08,32
21DA1	2,08,31
21DB7	2,08,40
21DE0	2,08,42
21E33	2,08,43
21E34	1,47,78
21F1E	2,08,59
21F76	2,08,70
21FFA	2,08,76
2217B	2,12,02
22218	2,94,51
2231E	2,12,11
223AD	2,12,16
226F3	2,12,48
2285B	2,12,69
228AB	2,12,77
2298F	2,12,82
22AB8	2,13,04
22B46	2,13,18
22B4F	2,13,09
22B50	2,13,10
22BA6	2,13,21
22C1D	2,13,20
22C24	2,13,25
22DE1	2,13,54
231B6	2,14,04
231C3	2,13,93
231C4	1,85,26
231F5	2,14,03
23372	2,14,26
233D0	2,14,34
233D2	2,14,29
233D3	2,14,28
233D5	2,14,36
233DA	2,14,39
233DF	2,14,41
233E4	2,14,35
2344A	2,14,53
2344B	2,14,55
23451	2,14,54
23465	2,14,59
234E4	2,14,87
2355A	2,14,88
23594	2,15,10
235C4	1,85,82
23638	2,15,34
23639	2,15,31
2363A	2,15,35
23647	2,15,32
2370C	2,15,57
2371C	2,15,46
2373F	1,86,09
23763	1,86,18
23764	2,15,65
237E7	2,15,74
237FF	2,15,73
23824	2,15,80
2383D	2,15,85
23A98	2,78,03
23C7F	2,78,20
23CFE	1,86,64
23D00	2,78,41
23D0E	2,84,85
23D40	2,78,60
23DD3	2,78,64
23DF9	2,78,63
23DFA	2,78,62
23F7E	2,79,18
24096	2,79,39
24103	2,79,45
241C6	2,79,65
241FE	2,79,68
243BC	2,80,02
24629	2,80,19
246A5	2,80,25
247F1	1,87,76
24896	2,80,51
24A4D	2,80,91
24B56	2,81,14
24B6F	2,81,16
24C16	2,81,21
24D14	2,81,36
24E0E	2,81,61
24E37	2,81,65
24E6A	2,81,70
24E8B	2,81,73
2504A	2,81,85
25055	2,81,87
25122	2,81,90
251A9	2,82,01
251CD	2,82,04
251E5	2,82,03
2521E	2,82,08
2524C	2,82,12
2542E	2,82,29
2548E	1,88,94
254D9	2,82,40
2550E	1,89,09
255A7	2,82,59
25771	1,89,39
257A9	2,82,85
257B4	2,82,86
259C4	1,89,52
259D4	2,83,18
25AE3	2,83,30
25AE4	2,83,29
25AF1	2,83,32
25BB2	2,83,50
25C4B	2,83,61
25C64	2,83,62
25DA1	1,89,78
25E2E	2,83,83
25E56	2,83,84
25E62	2,83,87
25E65	2,83,85
25EC2	2,83,93
25ED8	2,83,91
25EE8	2,84,02
25F23	2,84,04
25F5C	2,84,07
25FD4	2,84,15
25FE0	2,84,14
25FFB	2,84,21
2600C	2,84,20
26017	2,84,29
26060	2,84,34
260ED	2,84,47
26270	2,84,73
26286	2,84,75
2634C	2,84,82
26402	2,84,89
2667E	2,85,21
266B0	2,85,26
2671D	2,85,38
268DD	2,85,54
268EA	2,85,56
26951	2,85,58
2696F	2,85,61
269DD	2,85,63
26A1E	2,85,67
26A58	2,85,74
26A8C	2,85,80
26AB7	2,85,83
26AFF	1,90,61
26C29	2,05,36
26C73	2,86,36
26CDD	2,86,46
26E40	1,91,19
26E65	2,86,61
26F94	2,86,85
26FF6	2,87,01
26FF7	2,87,02
26FF8	2,86,94
270F4	1,91,41
2710D	2,87,19
27139	2,87,22
273DA	2,87,69
273DB	2,87,68
273FE	2,87,75
27410	2,87,78
27449	2,87,83
27614	2,88,10
27615	2,88,09
27631	2,88,12
27684	1,91,76
27693	2,88,20
2770E	2,88,28
27723	2,88,30
27752	2,88,34
27985	2,88,54
27A84	2,88,67
27BB3	2,88,87
27BBE	2,88,89
27BC7	2,88,90
27CB8	2,89,05
27DA0	2,89,15
27E10	2,89,18
27FB7	2,89,25
2808A	2,89,34
280BB	2,89,40
28277	1,92,41
28282	2,89,57
282F3	2,89,62
283CD	1,92,49
2840C	2,89,70
28455	2,89,75
2856B	2,89,90
285C8	2,89,94
285C9	2,90,01
286D7	2,90,12
286FA	2,90,15
28946	2,90,48
28949	2,90,47
2896B	2,90,55
28987	2,90,69
28988	2,90,70
289BA	2,90,81
289BB	2,90,82
28A1E	2,90,94
28A29	2,91,01
28A43	2,91,13
28A71	2,91,12
28A99	2,91,22
28ACD	2,91,23
28ADD	2,91,30
28AE4	2,91,29
28BC1	2,91,46
28BEF	2,91,47
28D10	2,91,55
28D71	2,91,58
28DFB	2,91,60
28E1F	2,91,61
28E36	2,91,65
28E89	2,91,69
28EEB	2,91,71
28F32	2,91,73
28FF8	2,91,81
292A0	2,92,02
292B1	2,92,03
29490	2,92,24
295CF	2,92,34
2967F	2,92,44
296F0	2,92,54
29719	2,92,57
29750	2,92,61
298C6	2,92,86
29A72	2,93,12
29DDB	2,93,43
29E15	2,93,57
29E3D	2,93,44
29E49	2,93,61
29E8A	2,93,59
29EC4	2,93,71
29EDB	2,93,80
29EE9	2,93,77
29FCE	2,94,05
2A01A	2,94,11
2A02F	2,94,09
2A082	2,94,21
2A0F9	2,94,18
2A190	1,94,70
2A38C	2,94,56
2A437	2,94,58
2A5F1	2,94,78
2A602	2,94,80
2A61A	2,94,82
2A6B2	2,94,86
